0.010	-0.000	0.000	-0.000	-0.000	0.000	-0.010
0.020	-0.000	0.000	-0.000	-0.000	0.000	-0.020
0.030	-0.000	0.000	-0.001	-0.000	0.000	-0.030
0.040	-0.000	0.000	-0.001	-0.000	0.000	-0.040
0.050	-0.000	0.000	-0.002	-0.000	0.001	-0.050
0.060	-0.000	0.000	-0.002	-0.001	0.001	-0.060
0.070	-0.000	0.000	-0.003	-0.001	0.001	-0.070
0.080	-0.000	0.000	-0.004	-0.001	0.001	-0.080
0.090	-0.000	0.000	-0.005	-0.001	0.001	-0.090
0.100	-0.000	0.000	-0.006	-0.001	0.001	-0.100
0.110	-0.000	0.000	-0.007	-0.001	0.001	-0.110
0.120	-0.000	0.000	-0.008	-0.001	0.002	-0.120
0.130	-0.000	0.000	-0.009	-0.001	0.002	-0.130
0.140	-0.000	0.000	-0.011	-0.001	0.002	-0.140
0.150	-0.000	0.000	-0.012	-0.001	0.002	-0.150
0.160	-0.000	0.000	-0.014	-0.002	0.002	-0.160
0.170	-0.000	0.000	-0.015	-0.002	0.002	-0.170
0.180	-0.000	0.000	-0.017	-0.002	0.002	-0.181
0.190	-0.000	0.000	-0.019	-0.002	0.002	-0.191
0.200	-0.000	0.000	-0.021	-0.002	0.002	-0.201
0.210	-0.000	0.000	-0.023	-0.002	0.002	-0.211
0.220	-0.000	0.000	-0.025	-0.002	0.003	-0.221
0.230	-0.000	0.000	-0.028	-0.002	0.003	-0.231
0.240	-0.000	0.000	-0.030	-0.002	0.003	-0.241
0.250	-0.000	0.000	-0.033	-0.002	0.003	-0.251
0.260	-0.000	0.000	-0.035	-0.002	0.003	-0.261
0.270	-0.000	0.000	-0.038	-0.003	0.003	-0.271
0.280	-0.000	0.000	-0.041	-0.003	0.003	-0.281
0.290	-0.000	0.001	-0.044	-0.003	0.004	-0.291
0.300	-0.000	0.001	-0.047	-0.003	0.004	-0.301
0.310	-0.000	0.001	-0.050	-0.003	0.004	-0.311
0.320	-0.000	0.001	-0.053	-0.003	0.004	-0.321
0.330	-0.001	0.001	-0.056	-0.003	0.004	-0.331
0.340	-0.001	0.001	-0.060	-0.003	0.004	-0.341
0.350	-0.001	0.001	-0.063	-0.003	0.004	-0.351
0.360	-0.001	0.001	-0.067	-0.003	0.005	-0.361
0.370	-0.001	0.001	-0.070	-0.003	0.005	-0.371
0.380	-0.001	0.001	-0.074	-0.003	0.005	-0.381
0.390	-0.001	0.001	-0.078	-0.004	0.005	-0.391
0.400	-0.001	0.001	-0.082	-0.004	0.005	-0.401
0.410	-0.001	0.001	-0.086	-0.004	0.005	-0.411
0.420	-0.001	0.001	-0.091	-0.004	0.005	-0.421
0.430	-0.001	0.001	-0.095	-0.004	0.005	-0.431
0.440	-0.001	0.001	-0.099	-0.004	0.006	-0.441
0.450	-0.001	0.001	-0.104	-0.004	0.006	-0.451
0.460	-0.001	0.001	-0.108	-0.004	0.006	-0.461
0.470	-0.001	0.001	-0.113	-0.004	0.006	-0.471
0.480	-0.001	0.001	-0.118	-0.004	0.006	-0.481
0.490	-0.001	0.002	-0.123	-0.005	0.006	-0.491
0.500	-0.001	0.002	-0.128	-0.005	0.006	-0.501
0.510	-0.001	0.002	-0.133	-0.005	0.006	-0.511
0.520	-0.001	0.002	-0.138	-0.005	0.007	-0.521
0.530	-0.001	0.002	-0.143	-0.005	0.007	-0.531
0.540	-0.001	0.002	-0.149	-0.005	0.007	-0.541
0.550	-0.001	0.002	-0.154	-0.005	0.007	-0.551
0.560	-0.001	0.002	-0.160	-0.005	0.007	-0.561
0.570	-0.002	0.002	-0.166	-0.005	0.007	-0.571
0.580	-0.002	0.002	-0.172	-0.005	0.007	-0.582
0.590	-0.002	0.002	-0.177	-0.005	0.007	-0.592
0.600	-0.002	0.002	-0.183	-0.005	0.007	-0.602
0.610	-0.002	0.002	-0.190	-0.006	0.008	-0.612
0.620	-0.002	0.002	-0.196	-0.006	0.008	-0.622
0.630	-0.002	0.003	-0.202	-0.006	0.008	-0.632
0.640	-0.002	0.003	-0.209	-0.006	0.008	-0.642
0.650	-0.002	0.003	-0.215	-0.006	0.008	-0.652
0.660	-0.002	0.003	-0.222	-0.006	0.008	-0.662
0.670	-0.002	0.003	-0.228	-0.006	0.008	-0.672
0.680	-0.002	0.003	-0.235	-0.006	0.009	-0.682
0.690	-0.002	0.003	-0.242	-0.006	0.009	-0.692
0.700	-0.002	0.003	-0.249	-0.006	0.009	-0.702
0.710	-0.002	0.003	-0.256	-0.007	0.009	-0.712
0.720	-0.002	0.003	-0.263	-0.007	0.009	-0.722
0.730	-0.002	0.003	-0.271	-0.007	0.009	-0.732
0.740	-0.003	0.003	-0.278	-0.007	0.009	-0.742
0.750	-0.003	0.004	-0.286	-0.007	0.009	-0.752
0.760	-0.003	0.004	-0.293	-0.007	0.009	-0.762
0.770	-0.003	0.004	-0.301	-0.007	0.010	-0.772
0.780	-0.003	0.004	-0.309	-0.007	0.010	-0.782
0.790	-0.003	0.004	-0.317	-0.007	0.010	-0.792
0.800	-0.003	0.004	-0.325	-0.007	0.010	-0.802
0.810	-0.003	0.004	-0.333	-0.008	0.011	-0.812
0.820	-0.003	0.004	-0.341	-0.008	0.011	-0.822
0.830	-0.003	0.004	-0.349	-0.008	0.012	-0.832
0.840	-0.003	0.005	-0.358	-0.008	0.012	-0.842
0.850	-0.003	0.005	-0.366	-0.008	0.012	-0.852
0.860	-0.003	0.005	-0.375	-0.008	0.012	-0.862
0.870	-0.004	0.005	-0.384	-0.008	0.012	-0.872
0.880	-0.004	0.005	-0.393	-0.008	0.012	-0.882
0.890	-0.004	0.005	-0.402	-0.009	0.013	-0.892
0.900	-0.004	0.005	-0.411	-0.009	0.013	-0.902
0.910	-0.004	0.005	-0.420	-0.009	0.013	-0.912
0.920	-0.004	0.006	-0.429	-0.009	0.014	-0.922
0.930	-0.004	0.006	-0.438	-0.009	0.014	-0.932
0.940	-0.004	0.006	-0.448	-0.009	0.014	-0.943
0.950	-0.004	0.006	-0.457	-0.009	0.014	-0.953
0.960	-0.004	0.006	-0.467	-0.009	0.015	-0.963
0.970	-0.004	0.006	-0.477	-0.009	0.015	-0.973
0.980	-0.005	0.006	-0.486	-0.009	0.015	-0.984
0.990	-0.005	0.006	-0.496	-0.010	0.011	-0.996
1.000	-0.005	0.007	-0.506	-0.010	0.012	-1.007
1.010	-0.005	0.007	-0.517	-0.010	0.012	-1.017
1.020	-0.005	0.007	-0.527	-0.010	0.015	-1.027
1.030	-0.005	0.007	-0.537	-0.010	0.016	-1.037
1.040	-0.005	0.007	-0.548	-0.010	0.017	-1.047
1.050	-0.005	0.007	-0.558	-0.010	0.017	-1.057
1.060	-0.005	0.008	-0.569	-0.010	0.017	-1.068
1.070	-0.005	0.008	-0.580	-0.010	0.018	-1.079
1.080	-0.006	0.008	-0.591	-0.011	0.019	-1.089
1.090	-0.006	0.008	-0.602	-0.011	0.019	-1.100
1.100	-0.006	0.008	-0.613	-0.012	0.020	-1.110
1.110	-0.006	0.009	-0.624	-0.013	0.021	-1.120
1.120	-0.006	0.009	-0.635	-0.014	0.021	-1.130
1.130	-0.006	0.009	-0.647	-0.014	0.021	-1.141
1.140	-0.006	0.009	-0.658	-0.016	0.021	-1.152
1.150	-0.007	0.009	-0.670	-0.017	0.021	-1.163
1.160	-0.007	0.010	-0.681	-0.018	0.022	-1.174
1.170	-0.007	0.010	-0.693	-0.020	0.022	-1.184
1.180	-0.007	0.010	-0.705	-0.022	0.022	-1.195
1.190	-0.007	0.010	-0.717	-0.024	0.024	-1.205
1.200	-0.008	0.011	-0.729	-0.026	0.024	-1.215
1.210	-0.008	0.011	-0.742	-0.027	0.023	-1.226
1.220	-0.008	0.011	-0.754	-0.028	0.023	-1.237
1.230	-0.008	0.011	-0.767	-0.029	0.023	-1.247
1.240	-0.009	0.011	-0.779	-0.031	0.022	-1.258
1.250	-0.009	0.012	-0.792	-0.032	0.022	-1.269
1.260	-0.009	0.012	-0.805	-0.034	0.022	-1.279
1.270	-0.010	0.012	-0.818	-0.036	0.022	-1.290
1.280	-0.010	0.012	-0.831	-0.039	0.022	-1.301
1.290	-0.011	0.013	-0.844	-0.042	0.021	-1.313
1.300	-0.011	0.013	-0.857	-0.045	0.021	-1.324
1.310	-0.012	0.013	-0.870	-0.047	0.021	-1.334
1.320	-0.012	0.013	-0.884	-0.049	0.020	-1.345
1.330	-0.013	0.013	-0.897	-0.051	0.019	-1.356
1.340	-0.013	0.013	-0.911	-0.053	0.017	-1.367
1.350	-0.014	0.014	-0.925	-0.055	0.016	-1.379
1.360	-0.014	0.014	-0.939	-0.057	0.014	-1.390
1.370	-0.015	0.014	-0.953	-0.060	0.013	-1.401
1.380	-0.015	0.014	-0.967	-0.064	0.014	-1.411
1.390	-0.016	0.014	-0.981	-0.068	0.015	-1.420
1.400	-0.017	0.014	-0.995	-0.070	0.016	-1.428
1.410	-0.017	0.015	-1.010	-0.071	0.016	-1.436
1.420	-0.018	0.015	-1.024	-0.073	0.016	-1.443
1.430	-0.019	0.015	-1.039	-0.075	0.015	-1.452
1.440	-0.020	0.015	-1.053	-0.078	0.014	-1.462
1.450	-0.021	0.015	-1.068	-0.079	0.012	-1.471
1.460	-0.021	0.015	-1.083	-0.082	0.012	-1.480
1.470	-0.022	0.015	-1.098	-0.085	0.012	-1.489
1.480	-0.023	0.015	-1.113	-0.087	0.010	-1.499
1.490	-0.024	0.016	-1.128	-0.089	0.009	-1.509
1.500	-0.025	0.016	-1.143	-0.092	0.007	-1.518
1.510	-0.026	0.016	-1.158	-0.095	0.005	-1.527
1.520	-0.027	0.016	-1.173	-0.097	0.004	-1.537
1.530	-0.028	0.016	-1.189	-0.100	0.001	-1.547
1.540	-0.029	0.016	-1.205	-0.104	-0.000	-1.557
1.550	-0.030	0.016	-1.220	-0.107	-0.002	-1.567
1.560	-0.031	0.016	-1.236	-0.110	-0.004	-1.577
1.570	-0.032	0.016	-1.252	-0.113	-0.005	-1.586
1.580	-0.033	0.015	-1.268	-0.117	-0.008	-1.597
1.590	-0.035	0.015	-1.284	-0.120	-0.010	-1.607
1.600	-0.036	0.015	-1.300	-0.123	-0.013	-1.617
1.610	-0.037	0.015	-1.316	-0.126	-0.016	-1.628
1.620	-0.038	0.015	-1.333	-0.129	-0.019	-1.638
1.630	-0.040	0.015	-1.349	-0.133	-0.022	-1.648
1.640	-0.041	0.014	-1.366	-0.136	-0.024	-1.657
1.650	-0.042	0.014	-1.382	-0.140	-0.025	-1.666
1.660	-0.044	0.014	-1.399	-0.143	-0.027	-1.675
1.670	-0.045	0.014	-1.416	-0.147	-0.030	-1.684
1.680	-0.047	0.013	-1.433	-0.152	-0.032	-1.693
1.690	-0.048	0.013	-1.450	-0.156	-0.035	-1.702
1.700	-0.050	0.013	-1.467	-0.159	-0.038	-1.712
1.710	-0.052	0.012	-1.484	-0.162	-0.041	-1.721
1.720	-0.053	0.012	-1.502	-0.167	-0.044	-1.731
1.730	-0.055	0.011	-1.519	-0.172	-0.047	-1.740
1.740	-0.057	0.011	-1.536	-0.177	-0.050	-1.749
1.750	-0.059	0.010	-1.554	-0.182	-0.052	-1.757
1.760	-0.060	0.010	-1.572	-0.187	-0.054	-1.765
1.770	-0.062	0.009	-1.589	-0.192	-0.056	-1.774
1.780	-0.064	0.009	-1.607	-0.196	-0.059	-1.782
1.790	-0.066	0.008	-1.625	-0.201	-0.062	-1.791
1.800	-0.068	0.007	-1.643	-0.205	-0.065	-1.799
1.810	-0.070	0.007	-1.661	-0.210	-0.068	-1.808
1.820	-0.073	0.006	-1.679	-0.216	-0.072	-1.817
1.830	-0.075	0.005	-1.698	-0.221	-0.074	-1.826
1.840	-0.077	0.004	-1.716	-0.228	-0.077	-1.834
1.850	-0.079	0.004	-1.734	-0.234	-0.079	-1.841
1.860	-0.082	0.003	-1.753	-0.241	-0.081	-1.849
1.870	-0.084	0.002	-1.771	-0.247	-0.084	-1.856
1.880	-0.087	0.001	-1.790	-0.252	-0.087	-1.863
1.890	-0.089	0.000	-1.809	-0.257	-0.091	-1.871
1.900	-0.092	-0.001	-1.828	-0.263	-0.094	-1.878
1.910	-0.095	-0.002	-1.846	-0.270	-0.097	-1.886
1.920	-0.098	-0.003	-1.865	-0.278	-0.101	-1.894
1.930	-0.100	-0.004	-1.884	-0.285	-0.105	-1.902
1.940	-0.103	-0.005	-1.903	-0.292	-0.108	-1.910
1.950	-0.106	-0.006	-1.923	-0.299	-0.111	-1.917
1.960	-0.109	-0.007	-1.942	-0.306	-0.112	-1.923
1.970	-0.113	-0.008	-1.961	-0.313	-0.114	-1.929
1.980	-0.116	-0.009	-1.981	-0.320	-0.117	-1.936
1.990	-0.119	-0.011	-2.000	-0.327	-0.119	-1.941
2.000	-0.122	-0.012	-2.019	-0.333	-0.122	-1.947
2.010	-0.126	-0.013	-2.039	-0.340	-0.125	-1.952
2.020	-0.129	-0.014	-2.058	-0.346	-0.128	-1.957
2.030	-0.133	-0.016	-2.078	-0.354	-0.130	-1.962
2.040	-0.136	-0.017	-2.098	-0.362	-0.134	-1.967
2.050	-0.140	-0.018	-2.118	-0.370	-0.137	-1.973
2.060	-0.144	-0.020	-2.137	-0.378	-0.140	-1.978
2.070	-0.148	-0.021	-2.157	-0.386	-0.144	-1.983
2.080	-0.152	-0.023	-2.177	-0.394	-0.147	-1.988
2.090	-0.156	-0.024	-2.197	-0.403	-0.150	-1.992
2.100	-0.160	-0.026	-2.217	-0.411	-0.153	-1.996
2.110	-0.164	-0.027	-2.237	-0.420	-0.156	-2.001
2.120	-0.168	-0.029	-2.257	-0.429	-0.159	-2.006
2.130	-0.173	-0.031	-2.277	-0.438	-0.162	-2.010
2.140	-0.177	-0.032	-2.297	-0.446	-0.166	-2.013
2.150	-0.182	-0.034	-2.317	-0.455	-0.169	-2.017
2.160	-0.186	-0.036	-2.338	-0.463	-0.173	-2.021
2.170	-0.191	-0.037	-2.358	-0.471	-0.176	-2.023
2.180	-0.196	-0.039	-2.378	-0.479	-0.180	-2.026
2.190	-0.201	-0.041	-2.398	-0.488	-0.184	-2.028
2.200	-0.206	-0.043	-2.419	-0.497	-0.188	-2.032
2.210	-0.211	-0.045	-2.439	-0.505	-0.193	-2.035
2.220	-0.216	-0.047	-2.459	-0.513	-0.197	-2.038
2.230	-0.221	-0.049	-2.480	-0.522	-0.200	-2.039
2.240	-0.226	-0.051	-2.500	-0.530	-0.203	-2.040
2.250	-0.232	-0.053	-2.521	-0.538	-0.204	-2.039
2.260	-0.237	-0.055	-2.541	-0.547	-0.206	-2.038
2.270	-0.243	-0.057	-2.561	-0.555	-0.207	-2.037
2.280	-0.248	-0.059	-2.582	-0.563	-0.207	-2.036
2.290	-0.254	-0.061	-2.602	-0.572	-0.207	-2.033
2.300	-0.260	-0.063	-2.622	-0.580	-0.208	-2.031
2.310	-0.266	-0.065	-2.643	-0.588	-0.208	-2.029
2.320	-0.272	-0.067	-2.663	-0.596	-0.208	-2.027
2.330	-0.278	-0.069	-2.683	-0.603	-0.209	-2.024
2.340	-0.284	-0.072	-2.703	-0.611	-0.210	-2.021
2.350	-0.290	-0.074	-2.723	-0.617	-0.211	-2.018
2.360	-0.296	-0.076	-2.744	-0.624	-0.211	-2.013
2.370	-0.303	-0.078	-2.764	-0.631	-0.211	-2.008
2.380	-0.309	-0.080	-2.784	-0.638	-0.210	-2.003
2.390	-0.315	-0.082	-2.804	-0.644	-0.209	-1.998
2.400	-0.322	-0.084	-2.824	-0.651	-0.208	-1.992
2.410	-0.328	-0.086	-2.844	-0.658	-0.208	-1.988
2.420	-0.335	-0.088	-2.863	-0.664	-0.207	-1.983
2.430	-0.342	-0.090	-2.883	-0.670	-0.206	-1.978
2.440	-0.349	-0.092	-2.903	-0.675	-0.203	-1.971
2.450	-0.355	-0.094	-2.922	-0.679	-0.199	-1.963
2.460	-0.362	-0.096	-2.942	-0.684	-0.194	-1.955
2.470	-0.369	-0.098	-2.961	-0.689	-0.189	-1.946
2.480	-0.376	-0.100	-2.981	-0.694	-0.183	-1.937
2.490	-0.383	-0.102	-3.000	-0.698	-0.177	-1.928
2.500	-0.390	-0.104	-3.019	-0.703	-0.172	-1.919
2.510	-0.397	-0.105	-3.038	-0.707	-0.166	-1.910
2.520	-0.404	-0.107	-3.057	-0.710	-0.161	-1.901
2.530	-0.411	-0.108	-3.076	-0.714	-0.157	-1.893
2.540	-0.419	-0.110	-3.095	-0.718	-0.152	-1.885
2.550	-0.426	-0.111	-3.114	-0.721	-0.147	-1.877
2.560	-0.433	-0.113	-3.133	-0.726	-0.141	-1.870
2.570	-0.440	-0.114	-3.151	-0.730	-0.136	-1.862
2.580	-0.448	-0.115	-3.170	-0.735	-0.130	-1.854
2.590	-0.455	-0.117	-3.188	-0.739	-0.124	-1.846
2.600	-0.462	-0.118	-3.207	-0.743	-0.118	-1.838
2.610	-0.470	-0.119	-3.225	-0.747	-0.113	-1.831
2.620	-0.477	-0.120	-3.243	-0.752	-0.110	-1.826
2.630	-0.485	-0.121	-3.261	-0.756	-0.106	-1.821
2.640	-0.493	-0.122	-3.280	-0.760	-0.102	-1.815
2.650	-0.500	-0.123	-3.298	-0.763	-0.097	-1.809
2.660	-0.508	-0.124	-3.316	-0.766	-0.090	-1.802
2.670	-0.516	-0.125	-3.334	-0.770	-0.083	-1.795
2.680	-0.523	-0.126	-3.352	-0.774	-0.073	-1.788
2.690	-0.531	-0.126	-3.369	-0.778	-0.063	-1.780
2.700	-0.539	-0.127	-3.387	-0.781	-0.055	-1.772
2.710	-0.547	-0.127	-3.405	-0.785	-0.046	-1.764
2.720	-0.555	-0.128	-3.422	-0.789	-0.037	-1.757
2.730	-0.563	-0.128	-3.440	-0.793	-0.028	-1.751
2.740	-0.571	-0.128	-3.457	-0.797	-0.022	-1.745
2.750	-0.579	-0.128	-3.475	-0.802	-0.015	-1.740
2.760	-0.587	-0.128	-3.492	-0.806	-0.009	-1.736
2.770	-0.595	-0.128	-3.509	-0.810	-0.003	-1.733
2.780	-0.603	-0.128	-3.527	-0.815	0.003	-1.729
2.790	-0.611	-0.128	-3.544	-0.819	0.009	-1.724
2.800	-0.619	-0.128	-3.561	-0.822	0.016	-1.718
2.810	-0.628	-0.128	-3.578	-0.826	0.024	-1.713
2.820	-0.636	-0.128	-3.595	-0.830	0.031	-1.708
2.830	-0.644	-0.127	-3.612	-0.834	0.038	-1.703
2.840	-0.653	-0.127	-3.629	-0.839	0.046	-1.698
2.850	-0.661	-0.126	-3.646	-0.845	0.054	-1.696
2.860	-0.670	-0.126	-3.663	-0.852	0.060	-1.696
2.870	-0.678	-0.125	-3.680	-0.858	0.068	-1.694
2.880	-0.687	-0.124	-3.697	-0.864	0.077	-1.692
2.890	-0.695	-0.123	-3.714	-0.869	0.086	-1.688
2.900	-0.704	-0.122	-3.731	-0.874	0.095	-1.684
2.910	-0.713	-0.121	-3.748	-0.879	0.104	-1.681
2.920	-0.722	-0.120	-3.764	-0.885	0.113	-1.678
2.930	-0.731	-0.119	-3.781	-0.890	0.122	-1.674
2.940	-0.740	-0.118	-3.798	-0.896	0.132	-1.670
2.950	-0.749	-0.116	-3.814	-0.901	0.142	-1.667
2.960	-0.758	-0.115	-3.831	-0.907	0.152	-1.665
2.970	-0.767	-0.113	-3.848	-0.913	0.161	-1.664
2.980	-0.776	-0.111	-3.864	-0.920	0.171	-1.663
2.990	-0.785	-0.110	-3.881	-0.925	0.179	-1.661
3.000	-0.795	-0.108	-3.898	-0.932	0.187	-1.658
3.010	-0.804	-0.106	-3.914	-0.938	0.195	-1.658
3.020	-0.814	-0.104	-3.931	-0.944	0.201	-1.655
3.030	-0.823	-0.102	-3.947	-0.949	0.208	-1.651
3.040	-0.833	-0.100	-3.964	-0.955	0.216	-1.648
3.050	-0.842	-0.097	-3.980	-0.961	0.227	-1.645
3.060	-0.852	-0.095	-3.997	-0.967	0.238	-1.643
3.070	-0.862	-0.092	-4.013	-0.972	0.249	-1.640
3.080	-0.871	-0.090	-4.029	-0.978	0.258	-1.638
3.090	-0.881	-0.087	-4.046	-0.985	0.265	-1.637
3.100	-0.891	-0.084	-4.062	-0.992	0.272	-1.638
3.110	-0.901	-0.082	-4.079	-0.999	0.278	-1.640
3.120	-0.911	-0.079	-4.095	-1.007	0.282	-1.642
3.130	-0.921	-0.076	-4.111	-1.015	0.287	-1.645
3.140	-0.932	-0.073	-4.128	-1.023	0.292	-1.644
3.150	-0.942	-0.070	-4.144	-1.030	0.300	-1.642
3.160	-0.952	-0.067	-4.161	-1.037	0.309	-1.639
3.170	-0.963	-0.064	-4.177	-1.045	0.318	-1.637
3.180	-0.973	-0.061	-4.193	-1.051	0.326	-1.637
3.190	-0.984	-0.057	-4.210	-1.059	0.331	-1.638
3.200	-0.994	-0.054	-4.226	-1.066	0.336	-1.641
3.210	-1.005	-0.050	-4.243	-1.075	0.339	-1.646
3.220	-1.016	-0.047	-4.259	-1.083	0.342	-1.650
3.230	-1.027	-0.044	-4.276	-1.091	0.347	-1.652
3.240	-1.038	-0.040	-4.292	-1.099	0.350	-1.652
3.250	-1.049	-0.037	-4.309	-1.108	0.355	-1.653
3.260	-1.060	-0.033	-4.325	-1.116	0.361	-1.654
3.270	-1.071	-0.029	-4.342	-1.125	0.367	-1.654
3.280	-1.083	-0.026	-4.358	-1.133	0.373	-1.655
3.290	-1.094	-0.022	-4.375	-1.141	0.378	-1.656
3.300	-1.106	-0.018	-4.391	-1.150	0.383	-1.658
3.310	-1.117	-0.014	-4.408	-1.158	0.387	-1.659
3.320	-1.129	-0.010	-4.425	-1.166	0.391	-1.661
3.330	-1.141	-0.006	-4.441	-1.175	0.394	-1.664
3.340	-1.152	-0.002	-4.458	-1.183	0.397	-1.666
3.350	-1.164	0.002	-4.475	-1.190	0.400	-1.668
3.360	-1.176	0.006	-4.491	-1.199	0.403	-1.670
3.370	-1.188	0.010	-4.508	-1.208	0.407	-1.672
3.380	-1.201	0.014	-4.525	-1.216	0.410	-1.674
3.390	-1.213	0.018	-4.542	-1.225	0.414	-1.675
3.400	-1.225	0.022	-4.558	-1.233	0.417	-1.677
3.410	-1.238	0.026	-4.575	-1.242	0.420	-1.680
3.420	-1.250	0.031	-4.592	-1.250	0.423	-1.683
3.430	-1.263	0.035	-4.609	-1.259	0.425	-1.688
3.440	-1.275	0.039	-4.626	-1.267	0.426	-1.693
3.450	-1.288	0.043	-4.643	-1.275	0.427	-1.698
3.460	-1.301	0.048	-4.660	-1.283	0.429	-1.701
3.470	-1.314	0.052	-4.677	-1.291	0.431	-1.707
3.480	-1.327	0.056	-4.694	-1.300	0.432	-1.714
3.490	-1.340	0.061	-4.711	-1.309	0.433	-1.717
3.500	-1.353	0.065	-4.728	-1.318	0.434	-1.720
3.510	-1.366	0.069	-4.746	-1.326	0.435	-1.723
3.520	-1.380	0.074	-4.763	-1.334	0.437	-1.727
3.530	-1.393	0.078	-4.780	-1.342	0.437	-1.731
3.540	-1.407	0.083	-4.798	-1.350	0.437	-1.735
3.550	-1.420	0.087	-4.815	-1.356	0.437	-1.739
3.560	-1.434	0.091	-4.832	-1.364	0.437	-1.745
3.570	-1.448	0.096	-4.850	-1.371	0.435	-1.752
3.580	-1.461	0.100	-4.867	-1.379	0.433	-1.760
3.590	-1.475	0.104	-4.885	-1.387	0.431	-1.768
3.600	-1.489	0.109	-4.903	-1.395	0.429	-1.776
3.610	-1.503	0.113	-4.921	-1.403	0.428	-1.784
3.620	-1.517	0.117	-4.939	-1.410	0.426	-1.791
3.630	-1.531	0.121	-4.957	-1.417	0.425	-1.797
3.640	-1.546	0.126	-4.975	-1.423	0.424	-1.802
3.650	-1.560	0.130	-4.993	-1.431	0.424	-1.807
3.660	-1.574	0.134	-5.011	-1.439	0.424	-1.814
3.670	-1.589	0.138	-5.029	-1.446	0.423	-1.820
3.680	-1.603	0.143	-5.047	-1.453	0.421	-1.828
3.690	-1.618	0.147	-5.066	-1.460	0.418	-1.836
3.700	-1.633	0.151	-5.084	-1.466	0.416	-1.845
3.710	-1.647	0.155	-5.103	-1.472	0.413	-1.853
3.720	-1.662	0.159	-5.121	-1.478	0.411	-1.860
3.730	-1.677	0.163	-5.140	-1.484	0.409	-1.866
3.740	-1.692	0.167	-5.159	-1.490	0.407	-1.873
3.750	-1.707	0.171	-5.177	-1.495	0.405	-1.880
3.760	-1.722	0.175	-5.196	-1.501	0.403	-1.886
3.770	-1.737	0.179	-5.215	-1.507	0.401	-1.894
3.780	-1.752	0.183	-5.234	-1.513	0.398	-1.902
3.790	-1.767	0.187	-5.253	-1.518	0.395	-1.910
3.800	-1.782	0.191	-5.273	-1.523	0.392	-1.919
3.810	-1.798	0.195	-5.292	-1.528	0.388	-1.928
3.820	-1.813	0.199	-5.311	-1.533	0.384	-1.936
3.830	-1.828	0.203	-5.331	-1.538	0.382	-1.944
3.840	-1.844	0.207	-5.350	-1.542	0.379	-1.951
3.850	-1.859	0.210	-5.370	-1.547	0.376	-1.959
3.860	-1.875	0.214	-5.389	-1.552	0.373	-1.967
3.870	-1.890	0.218	-5.409	-1.556	0.370	-1.976
3.880	-1.906	0.221	-5.429	-1.561	0.366	-1.985
3.890	-1.922	0.225	-5.449	-1.565	0.363	-1.995
3.900	-1.937	0.229	-5.469	-1.569	0.359	-2.004
3.910	-1.953	0.232	-5.489	-1.573	0.355	-2.013
3.920	-1.969	0.236	-5.509	-1.577	0.351	-2.022
3.930	-1.985	0.239	-5.530	-1.580	0.348	-2.030
3.940	-2.001	0.243	-5.550	-1.584	0.345	-2.037
3.950	-2.016	0.246	-5.571	-1.587	0.342	-2.045
3.960	-2.032	0.249	-5.591	-1.591	0.339	-2.053
3.970	-2.048	0.253	-5.612	-1.595	0.336	-2.061
3.980	-2.064	0.256	-5.632	-1.598	0.332	-2.070
3.990	-2.080	0.259	-5.653	-1.601	0.328	-2.079
4.000	-2.096	0.263	-5.674	-1.604	0.324	-2.089
4.010	-2.112	0.266	-5.695	-1.607	0.320	-2.098
4.020	-2.128	0.269	-5.716	-1.610	0.316	-2.106
4.030	-2.145	0.272	-5.737	-1.612	0.312	-2.114
4.040	-2.161	0.275	-5.758	-1.614	0.309	-2.121
4.050	-2.177	0.278	-5.780	-1.617	0.307	-2.129
4.060	-2.193	0.281	-5.801	-1.619	0.304	-2.137
4.070	-2.209	0.284	-5.823	-1.622	0.300	-2.146
4.080	-2.226	0.287	-5.844	-1.625	0.297	-2.155
4.090	-2.242	0.290	-5.866	-1.627	0.292	-2.166
4.100	-2.258	0.293	-5.888	-1.629	0.288	-2.176
4.110	-2.274	0.296	-5.909	-1.631	0.283	-2.185
4.120	-2.291	0.299	-5.931	-1.632	0.279	-2.194
4.130	-2.307	0.301	-5.953	-1.633	0.276	-2.202
4.140	-2.323	0.304	-5.975	-1.635	0.272	-2.210
4.150	-2.340	0.307	-5.998	-1.636	0.269	-2.219
4.160	-2.356	0.309	-6.020	-1.637	0.265	-2.228
4.170	-2.373	0.312	-6.042	-1.638	0.261	-2.238
4.180	-2.389	0.315	-6.065	-1.640	0.257	-2.248
4.190	-2.405	0.317	-6.087	-1.642	0.253	-2.258
4.200	-2.422	0.320	-6.110	-1.644	0.250	-2.268
4.210	-2.438	0.322	-6.133	-1.644	0.245	-2.277
4.220	-2.455	0.325	-6.156	-1.643	0.240	-2.285
4.230	-2.471	0.327	-6.179	-1.642	0.236	-2.293
4.240	-2.487	0.329	-6.202	-1.642	0.233	-2.302
4.250	-2.504	0.331	-6.225	-1.643	0.229	-2.310
4.260	-2.520	0.334	-6.248	-1.643	0.226	-2.318
4.270	-2.537	0.336	-6.271	-1.644	0.222	-2.327
4.280	-2.553	0.338	-6.294	-1.645	0.219	-2.336
4.290	-2.570	0.340	-6.318	-1.645	0.215	-2.345
4.300	-2.586	0.342	-6.341	-1.645	0.211	-2.355
4.310	-2.603	0.344	-6.365	-1.644	0.207	-2.363
4.320	-2.619	0.347	-6.389	-1.642	0.202	-2.372
4.330	-2.635	0.348	-6.413	-1.640	0.197	-2.381
4.340	-2.652	0.350	-6.437	-1.638	0.192	-2.391
4.350	-2.668	0.352	-6.461	-1.637	0.188	-2.400
4.360	-2.685	0.354	-6.485	-1.637	0.184	-2.409
4.370	-2.701	0.356	-6.509	-1.636	0.180	-2.418
4.380	-2.717	0.358	-6.533	-1.635	0.177	-2.428
4.390	-2.734	0.359	-6.557	-1.635	0.173	-2.437
4.400	-2.750	0.361	-6.582	-1.634	0.170	-2.447
4.410	-2.766	0.363	-6.606	-1.631	0.166	-2.455
4.420	-2.783	0.364	-6.631	-1.628	0.161	-2.464
4.430	-2.799	0.366	-6.656	-1.625	0.157	-2.473
4.440	-2.815	0.367	-6.681	-1.623	0.152	-2.483
4.450	-2.831	0.369	-6.706	-1.622	0.148	-2.493
4.460	-2.847	0.370	-6.731	-1.620	0.143	-2.504
4.470	-2.864	0.372	-6.756	-1.618	0.139	-2.514
4.480	-2.880	0.373	-6.781	-1.616	0.135	-2.523
4.490	-2.896	0.374	-6.806	-1.614	0.132	-2.532
4.500	-2.912	0.376	-6.832	-1.611	0.129	-2.541
4.510	-2.928	0.377	-6.857	-1.609	0.125	-2.550
4.520	-2.944	0.378	-6.883	-1.607	0.122	-2.559
4.530	-2.960	0.379	-6.909	-1.605	0.119	-2.569
4.540	-2.976	0.381	-6.934	-1.604	0.116	-2.578
4.550	-2.992	0.382	-6.960	-1.601	0.113	-2.587
4.560	-3.008	0.383	-6.986	-1.600	0.110	-2.597
4.570	-3.024	0.384	-7.012	-1.597	0.107	-2.606
4.580	-3.040	0.385	-7.038	-1.594	0.103	-2.615
4.590	-3.056	0.386	-7.065	-1.591	0.099	-2.625
4.600	-3.072	0.387	-7.091	-1.589	0.095	-2.635
4.610	-3.088	0.388	-7.117	-1.587	0.092	-2.646
4.620	-3.104	0.389	-7.144	-1.585	0.089	-2.656
4.630	-3.120	0.390	-7.171	-1.583	0.086	-2.665
4.640	-3.135	0.390	-7.197	-1.581	0.083	-2.675
4.650	-3.151	0.391	-7.224	-1.579	0.080	-2.685
4.660	-3.167	0.392	-7.251	-1.577	0.077	-2.695
4.670	-3.183	0.393	-7.278	-1.574	0.074	-2.704
4.680	-3.198	0.393	-7.305	-1.572	0.071	-2.713
4.690	-3.214	0.394	-7.333	-1.570	0.068	-2.724
4.700	-3.230	0.395	-7.360	-1.568	0.065	-2.734
4.710	-3.245	0.395	-7.387	-1.566	0.062	-2.745
4.720	-3.261	0.396	-7.415	-1.565	0.059	-2.755
4.730	-3.277	0.396	-7.443	-1.563	0.056	-2.765
4.740	-3.292	0.397	-7.470	-1.561	0.052	-2.775
4.750	-3.308	0.397	-7.498	-1.559	0.049	-2.785
4.760	-3.323	0.398	-7.526	-1.557	0.046	-2.795
4.770	-3.339	0.398	-7.554	-1.556	0.043	-2.806
4.780	-3.355	0.399	-7.582	-1.554	0.040	-2.816
4.790	-3.370	0.399	-7.611	-1.554	0.038	-2.826
4.800	-3.386	0.399	-7.639	-1.553	0.035	-2.836
4.810	-3.401	0.400	-7.667	-1.552	0.033	-2.846
4.820	-3.417	0.400	-7.696	-1.551	0.030	-2.856
4.830	-3.432	0.400	-7.725	-1.550	0.026	-2.866
4.840	-3.448	0.401	-7.753	-1.548	0.023	-2.876
4.850	-3.463	0.401	-7.782	-1.547	0.020	-2.885
4.860	-3.479	0.401	-7.811	-1.547	0.016	-2.895
4.870	-3.494	0.401	-7.840	-1.547	0.012	-2.905
4.880	-3.510	0.401	-7.869	-1.547	0.009	-2.915
4.890	-3.525	0.401	-7.899	-1.547	0.007	-2.924
4.900	-3.540	0.401	-7.928	-1.548	0.004	-2.933
4.910	-3.556	0.401	-7.957	-1.548	0.001	-2.942
4.920	-3.571	0.401	-7.987	-1.549	-0.002	-2.952
4.930	-3.587	0.401	-8.017	-1.549	-0.006	-2.962
4.940	-3.602	0.401	-8.046	-1.550	-0.011	-2.971
4.950	-3.618	0.401	-8.076	-1.549	-0.016	-2.982
4.960	-3.633	0.401	-8.106	-1.550	-0.020	-2.992
4.970	-3.649	0.400	-8.136	-1.551	-0.024	-3.001
4.980	-3.664	0.400	-8.166	-1.553	-0.028	-3.009
4.990	-3.680	0.400	-8.196	-1.554	-0.031	-3.018
5.000	-3.696	0.400	-8.227	-1.556	-0.035	-3.026
5.010	-3.711	0.399	-8.257	-1.557	-0.040	-3.035
5.020	-3.727	0.399	-8.287	-1.559	-0.044	-3.043
5.030	-3.742	0.398	-8.318	-1.561	-0.048	-3.051
5.040	-3.758	0.398	-8.348	-1.563	-0.053	-3.061
5.050	-3.774	0.397	-8.379	-1.564	-0.058	-3.070
5.060	-3.789	0.396	-8.410	-1.566	-0.064	-3.079
5.070	-3.805	0.396	-8.441	-1.569	-0.070	-3.089
5.080	-3.821	0.395	-8.472	-1.571	-0.075	-3.099
5.090	-3.836	0.394	-8.503	-1.574	-0.081	-3.109
5.100	-3.852	0.393	-8.534	-1.576	-0.086	-3.118
5.110	-3.868	0.392	-8.565	-1.578	-0.092	-3.127
5.120	-3.884	0.391	-8.597	-1.581	-0.096	-3.134
5.130	-3.900	0.390	-8.628	-1.584	-0.101	-3.142
5.140	-3.915	0.389	-8.660	-1.587	-0.106	-3.149
5.150	-3.931	0.388	-8.691	-1.591	-0.111	-3.157
5.160	-3.947	0.387	-8.723	-1.594	-0.116	-3.165
5.170	-3.963	0.386	-8.755	-1.598	-0.122	-3.174
5.180	-3.979	0.385	-8.786	-1.602	-0.128	-3.181
5.190	-3.995	0.383	-8.818	-1.605	-0.133	-3.189
5.200	-4.011	0.382	-8.850	-1.609	-0.140	-3.198
5.210	-4.028	0.380	-8.882	-1.613	-0.146	-3.205
5.220	-4.044	0.379	-8.914	-1.618	-0.152	-3.213
5.230	-4.060	0.377	-8.947	-1.623	-0.159	-3.221
5.240	-4.076	0.376	-8.979	-1.627	-0.166	-3.228
5.250	-4.093	0.374	-9.011	-1.631	-0.172	-3.234
5.260	-4.109	0.372	-9.044	-1.635	-0.178	-3.240
5.270	-4.125	0.370	-9.076	-1.640	-0.183	-3.246
5.280	-4.142	0.368	-9.109	-1.645	-0.190	-3.252
5.290	-4.158	0.366	-9.141	-1.649	-0.196	-3.258
5.300	-4.175	0.364	-9.174	-1.654	-0.203	-3.264
5.310	-4.191	0.362	-9.207	-1.658	-0.210	-3.270
5.320	-4.208	0.360	-9.239	-1.663	-0.217	-3.275
5.330	-4.225	0.358	-9.272	-1.668	-0.224	-3.280
5.340	-4.241	0.356	-9.305	-1.673	-0.231	-3.285
5.350	-4.258	0.353	-9.338	-1.679	-0.239	-3.290
5.360	-4.275	0.351	-9.371	-1.683	-0.248	-3.295
5.370	-4.292	0.348	-9.404	-1.688	-0.257	-3.300
5.380	-4.309	0.346	-9.437	-1.693	-0.265	-3.305
5.390	-4.326	0.343	-9.470	-1.698	-0.273	-3.309
5.400	-4.343	0.340	-9.503	-1.703	-0.280	-3.313
5.410	-4.360	0.337	-9.536	-1.708	-0.287	-3.316
5.420	-4.377	0.334	-9.569	-1.713	-0.293	-3.319
5.430	-4.394	0.331	-9.603	-1.718	-0.300	-3.322
5.440	-4.412	0.328	-9.636	-1.724	-0.306	-3.325
5.450	-4.429	0.325	-9.669	-1.730	-0.314	-3.329
5.460	-4.446	0.322	-9.703	-1.735	-0.323	-3.333
5.470	-4.464	0.319	-9.736	-1.741	-0.330	-3.336
5.480	-4.481	0.315	-9.769	-1.747	-0.338	-3.340
5.490	-4.499	0.312	-9.803	-1.753	-0.345	-3.344
5.500	-4.516	0.308	-9.836	-1.758	-0.352	-3.347
5.510	-4.534	0.305	-9.870	-1.764	-0.359	-3.348
5.520	-4.551	0.301	-9.903	-1.770	-0.364	-3.353
5.530	-4.569	0.297	-9.937	-1.776	-0.370	-3.356
5.540	-4.587	0.293	-9.970	-1.782	-0.376	-3.359
5.550	-4.605	0.290	-10.004	-1.788	-0.383	-3.361
5.560	-4.623	0.286	-10.038	-1.794	-0.391	-3.363
5.570	-4.641	0.282	-10.071	-1.801	-0.398	-3.365
5.580	-4.659	0.278	-10.105	-1.808	-0.405	-3.368
5.590	-4.677	0.274	-10.139	-1.815	-0.411	-3.370
5.600	-4.695	0.269	-10.172	-1.822	-0.417	-3.372
5.610	-4.714	0.265	-10.206	-1.830	-0.424	-3.374
5.620	-4.732	0.261	-10.240	-1.837	-0.430	-3.375
5.630	-4.750	0.257	-10.274	-1.844	-0.436	-3.376
5.640	-4.769	0.252	-10.307	-1.851	-0.441	-3.378
5.650	-4.788	0.248	-10.341	-1.859	-0.446	-3.381
5.660	-4.806	0.243	-10.375	-1.866	-0.451	-3.384
5.670	-4.825	0.239	-10.409	-1.874	-0.457	-3.386
5.680	-4.844	0.234	-10.443	-1.881	-0.463	-3.388
5.690	-4.863	0.229	-10.477	-1.889	-0.469	-3.391
5.700	-4.882	0.224	-10.511	-1.898	-0.476	-3.394
5.710	-4.901	0.220	-10.545	-1.907	-0.483	-3.396
5.720	-4.920	0.215	-10.579	-1.915	-0.489	-3.398
5.730	-4.939	0.210	-10.613	-1.923	-0.495	-3.400
5.740	-4.958	0.205	-10.647	-1.931	-0.499	-3.402
5.750	-4.978	0.200	-10.681	-1.939	-0.504	-3.405
5.760	-4.997	0.195	-10.715	-1.947	-0.508	-3.408
5.770	-5.017	0.190	-10.749	-1.955	-0.512	-3.411
5.780	-5.036	0.184	-10.783	-1.962	-0.517	-3.414
5.790	-5.056	0.179	-10.817	-1.970	-0.522	-3.418
5.800	-5.076	0.174	-10.851	-1.978	-0.527	-3.421
5.810	-5.096	0.169	-10.886	-1.987	-0.532	-3.424
5.820	-5.116	0.163	-10.920	-1.995	-0.538	-3.426
5.830	-5.136	0.158	-10.954	-2.003	-0.543	-3.429
5.840	-5.156	0.152	-10.988	-2.011	-0.549	-3.431
5.850	-5.176	0.147	-11.023	-2.019	-0.554	-3.434
5.860	-5.196	0.141	-11.057	-2.026	-0.560	-3.437
5.870	-5.217	0.136	-11.092	-2.034	-0.564	-3.440
5.880	-5.237	0.130	-11.126	-2.042	-0.570	-3.444
5.890	-5.258	0.124	-11.161	-2.050	-0.575	-3.449
5.900	-5.278	0.118	-11.195	-2.058	-0.581	-3.453
5.910	-5.299	0.112	-11.230	-2.066	-0.588	-3.457
5.920	-5.320	0.106	-11.264	-2.073	-0.594	-3.461
5.930	-5.340	0.100	-11.299	-2.080	-0.599	-3.464
5.940	-5.361	0.094	-11.334	-2.088	-0.605	-3.467
5.950	-5.382	0.088	-11.368	-2.095	-0.610	-3.470
5.960	-5.403	0.082	-11.403	-2.103	-0.615	-3.473
5.970	-5.424	0.076	-11.438	-2.110	-0.621	-3.477
5.980	-5.445	0.070	-11.473	-2.117	-0.627	-3.480
5.990	-5.467	0.063	-11.507	-2.125	-0.632	-3.484
6.000	-5.488	0.057	-11.542	-2.132	-0.637	-3.488
6.010	-5.509	0.051	-11.577	-2.139	-0.640	-3.491
6.020	-5.531	0.044	-11.612	-2.146	-0.644	-3.494
6.030	-5.552	0.038	-11.647	-2.153	-0.648	-3.498
6.040	-5.574	0.031	-11.682	-2.161	-0.651	-3.503
6.050	-5.596	0.025	-11.717	-2.168	-0.655	-3.508
6.060	-5.617	0.018	-11.752	-2.175	-0.660	-3.512
6.070	-5.639	0.011	-11.787	-2.182	-0.663	-3.517
6.080	-5.661	0.005	-11.823	-2.189	-0.667	-3.522
6.090	-5.683	-0.002	-11.858	-2.196	-0.670	-3.527
6.100	-5.705	-0.009	-11.893	-2.203	-0.673	-3.533
6.110	-5.727	-0.015	-11.929	-2.210	-0.675	-3.540
6.120	-5.749	-0.022	-11.964	-2.217	-0.676	-3.546
6.130	-5.772	-0.029	-12.000	-2.224	-0.676	-3.552
6.140	-5.794	-0.036	-12.035	-2.231	-0.677	-3.558
6.150	-5.816	-0.043	-12.071	-2.239	-0.679	-3.565
6.160	-5.839	-0.049	-12.107	-2.246	-0.681	-3.572
6.170	-5.861	-0.056	-12.142	-2.254	-0.683	-3.579
6.180	-5.884	-0.063	-12.178	-2.260	-0.684	-3.585
6.190	-5.907	-0.070	-12.214	-2.267	-0.685	-3.593
6.200	-5.929	-0.077	-12.250	-2.274	-0.686	-3.601
6.210	-5.952	-0.084	-12.286	-2.280	-0.687	-3.609
6.220	-5.975	-0.090	-12.322	-2.286	-0.687	-3.616
6.230	-5.998	-0.097	-12.359	-2.293	-0.686	-3.624
6.240	-6.021	-0.104	-12.395	-2.299	-0.685	-3.632
6.250	-6.044	-0.111	-12.431	-2.305	-0.685	-3.640
6.260	-6.067	-0.118	-12.468	-2.311	-0.685	-3.649
6.270	-6.090	-0.125	-12.504	-2.318	-0.685	-3.658
6.280	-6.114	-0.132	-12.541	-2.324	-0.686	-3.667
6.290	-6.137	-0.138	-12.578	-2.331	-0.686	-3.675
6.300	-6.160	-0.145	-12.615	-2.337	-0.687	-3.684
6.310	-6.184	-0.152	-12.652	-2.343	-0.686	-3.693
6.320	-6.207	-0.159	-12.689	-2.349	-0.685	-3.702
6.330	-6.231	-0.166	-12.726	-2.354	-0.684	-3.711
6.340	-6.254	-0.173	-12.763	-2.360	-0.683	-3.718
6.350	-6.278	-0.180	-12.800	-2.366	-0.682	-3.726
6.360	-6.302	-0.186	-12.838	-2.371	-0.681	-3.734
6.370	-6.325	-0.193	-12.875	-2.377	-0.681	-3.742
6.380	-6.349	-0.200	-12.912	-2.383	-0.682	-3.750
6.390	-6.373	-0.207	-12.950	-2.389	-0.683	-3.759
6.400	-6.397	-0.214	-12.988	-2.395	-0.683	-3.767
6.410	-6.421	-0.220	-13.025	-2.400	-0.682	-3.775
6.420	-6.445	-0.227	-13.063	-2.406	-0.681	-3.784
6.430	-6.469	-0.234	-13.101	-2.412	-0.681	-3.792
6.440	-6.493	-0.241	-13.139	-2.418	-0.680	-3.800
6.450	-6.518	-0.248	-13.177	-2.424	-0.680	-3.809
6.460	-6.542	-0.254	-13.215	-2.429	-0.680	-3.816
6.470	-6.566	-0.261	-13.254	-2.435	-0.681	-3.824
6.480	-6.591	-0.268	-13.292	-2.441	-0.681	-3.832
6.490	-6.615	-0.275	-13.330	-2.446	-0.681	-3.840
6.500	-6.640	-0.282	-13.369	-2.452	-0.680	-3.848
6.510	-6.664	-0.288	-13.407	-2.457	-0.680	-3.856
6.520	-6.689	-0.295	-13.446	-2.463	-0.680	-3.864
6.530	-6.714	-0.302	-13.485	-2.469	-0.680	-3.874
6.540	-6.738	-0.309	-13.524	-2.474	-0.681	-3.883
6.550	-6.763	-0.316	-13.563	-2.480	-0.682	-3.891
6.560	-6.788	-0.323	-13.602	-2.485	-0.682	-3.899
6.570	-6.813	-0.329	-13.641	-2.491	-0.683	-3.906
6.580	-6.838	-0.336	-13.680	-2.496	-0.684	-3.914
6.590	-6.863	-0.343	-13.719	-2.501	-0.685	-3.922
6.600	-6.888	-0.350	-13.758	-2.507	-0.686	-3.930
6.610	-6.913	-0.357	-13.798	-2.512	-0.687	-3.938
6.620	-6.938	-0.364	-13.837	-2.518	-0.688	-3.946
6.630	-6.963	-0.371	-13.877	-2.524	-0.689	-3.955
6.640	-6.989	-0.377	-13.916	-2.530	-0.689	-3.964
6.650	-7.014	-0.384	-13.956	-2.535	-0.691	-3.973
6.660	-7.040	-0.391	-13.996	-2.541	-0.692	-3.981
6.670	-7.065	-0.398	-14.036	-2.546	-0.693	-3.989
6.680	-7.091	-0.405	-14.076	-2.551	-0.694	-3.997
6.690	-7.116	-0.412	-14.116	-2.557	-0.695	-4.005
6.700	-7.142	-0.419	-14.156	-2.563	-0.697	-4.013
6.710	-7.167	-0.426	-14.196	-2.568	-0.698	-4.021
6.720	-7.193	-0.433	-14.236	-2.573	-0.699	-4.028
6.730	-7.219	-0.440	-14.277	-2.579	-0.701	-4.037
6.740	-7.245	-0.447	-14.317	-2.584	-0.704	-4.047
6.750	-7.271	-0.454	-14.358	-2.589	-0.708	-4.056
6.760	-7.297	-0.461	-14.398	-2.594	-0.711	-4.066
6.770	-7.323	-0.468	-14.439	-2.599	-0.712	-4.075
6.780	-7.349	-0.476	-14.480	-2.603	-0.714	-4.084
6.790	-7.375	-0.483	-14.521	-2.609	-0.716	-4.093
6.800	-7.401	-0.490	-14.562	-2.614	-0.718	-4.103
6.810	-7.427	-0.497	-14.603	-2.619	-0.720	-4.112
6.820	-7.453	-0.504	-14.644	-2.624	-0.722	-4.119
6.830	-7.480	-0.512	-14.686	-2.628	-0.724	-4.126
6.840	-7.506	-0.519	-14.727	-2.632	-0.727	-4.135
6.850	-7.532	-0.526	-14.768	-2.637	-0.731	-4.145
6.860	-7.559	-0.534	-14.810	-2.641	-0.736	-4.155
6.870	-7.585	-0.541	-14.852	-2.645	-0.740	-4.163
6.880	-7.612	-0.548	-14.893	-2.649	-0.743	-4.172
6.890	-7.638	-0.556	-14.935	-2.653	-0.746	-4.180
6.900	-7.665	-0.563	-14.977	-2.657	-0.749	-4.187
6.910	-7.691	-0.571	-15.019	-2.660	-0.752	-4.195
6.920	-7.718	-0.578	-15.061	-2.664	-0.754	-4.203
6.930	-7.745	-0.586	-15.103	-2.668	-0.756	-4.211
6.940	-7.771	-0.594	-15.145	-2.672	-0.761	-4.222
6.950	-7.798	-0.601	-15.188	-2.676	-0.767	-4.232
6.960	-7.825	-0.609	-15.230	-2.679	-0.774	-4.240
6.970	-7.852	-0.617	-15.272	-2.681	-0.779	-4.246
6.980	-7.878	-0.625	-15.315	-2.684	-0.783	-4.253
6.990	-7.905	-0.632	-15.358	-2.687	-0.787	-4.260
7.000	-7.932	-0.640	-15.400	-2.690	-0.792	-4.268
7.010	-7.959	-0.648	-15.443	-2.693	-0.797	-4.274
7.020	-7.986	-0.656	-15.486	-2.696	-0.801	-4.280
7.030	-8.013	-0.664	-15.529	-2.698	-0.805	-4.288
7.040	-8.040	-0.672	-15.572	-2.702	-0.809	-4.296
7.050	-8.067	-0.681	-15.615	-2.704	-0.814	-4.304
7.060	-8.094	-0.689	-15.658	-2.706	-0.822	-4.311
7.070	-8.121	-0.697	-15.701	-2.708	-0.831	-4.319
7.080	-8.148	-0.706	-15.744	-2.711	-0.839	-4.327
7.090	-8.176	-0.714	-15.788	-2.713	-0.846	-4.335
7.100	-8.203	-0.723	-15.831	-2.716	-0.852	-4.342
7.110	-8.230	-0.731	-15.875	-2.718	-0.858	-4.350
7.120	-8.257	-0.740	-15.918	-2.721	-0.862	-4.358
7.130	-8.284	-0.748	-15.962	-2.724	-0.867	-4.366
7.140	-8.312	-0.757	-16.006	-2.726	-0.872	-4.373
7.150	-8.339	-0.766	-16.049	-2.727	-0.878	-4.378
7.160	-8.366	-0.775	-16.093	-2.727	-0.887	-4.382
7.170	-8.393	-0.784	-16.137	-2.728	-0.896	-4.387
7.180	-8.421	-0.793	-16.181	-2.730	-0.905	-4.393
7.190	-8.448	-0.802	-16.225	-2.733	-0.915	-4.400
7.200	-8.475	-0.811	-16.269	-2.735	-0.923	-4.407
7.210	-8.503	-0.820	-16.313	-2.738	-0.929	-4.415
7.220	-8.530	-0.830	-16.357	-2.741	-0.935	-4.422
7.230	-8.558	-0.839	-16.402	-2.743	-0.941	-4.429
7.240	-8.585	-0.849	-16.446	-2.743	-0.949	-4.432
7.250	-8.612	-0.858	-16.490	-2.741	-0.959	-4.434
7.260	-8.640	-0.868	-16.535	-2.741	-0.969	-4.438
7.270	-8.667	-0.878	-16.579	-2.744	-0.978	-4.445
7.280	-8.695	-0.888	-16.624	-2.747	-0.987	-4.452
7.290	-8.722	-0.898	-16.668	-2.750	-0.994	-4.458
7.300	-8.750	-0.908	-16.713	-2.751	-1.002	-4.463
7.310	-8.777	-0.918	-16.758	-2.753	-1.009	-4.469
7.320	-8.805	-0.928	-16.802	-2.756	-1.015	-4.475
7.330	-8.832	-0.938	-16.847	-2.757	-1.024	-4.480
7.340	-8.860	-0.948	-16.892	-2.756	-1.032	-4.483
7.350	-8.888	-0.959	-16.937	-2.756	-1.041	-4.486
7.360	-8.915	-0.969	-16.982	-2.758	-1.050	-4.492
7.370	-8.943	-0.980	-17.027	-2.760	-1.059	-4.499
7.380	-8.970	-0.991	-17.072	-2.762	-1.068	-4.505
7.390	-8.998	-1.001	-17.117	-2.763	-1.077	-4.510
7.400	-9.026	-1.012	-17.162	-2.764	-1.086	-4.516
7.410	-9.053	-1.023	-17.207	-2.765	-1.094	-4.522
7.420	-9.081	-1.034	-17.252	-2.766	-1.102	-4.527
7.430	-9.109	-1.045	-17.298	-2.765	-1.111	-4.531
7.440	-9.136	-1.056	-17.343	-2.764	-1.121	-4.534
7.450	-9.164	-1.068	-17.389	-2.764	-1.130	-4.539
7.460	-9.192	-1.079	-17.434	-2.765	-1.139	-4.544
7.470	-9.219	-1.091	-17.479	-2.765	-1.147	-4.549
7.480	-9.247	-1.102	-17.525	-2.765	-1.156	-4.554
7.490	-9.275	-1.114	-17.571	-2.766	-1.164	-4.558
7.500	-9.302	-1.126	-17.616	-2.766	-1.171	-4.562
7.510	-9.330	-1.137	-17.662	-2.767	-1.179	-4.568
7.520	-9.358	-1.149	-17.708	-2.767	-1.187	-4.573
7.530	-9.385	-1.161	-17.753	-2.765	-1.196	-4.578
7.540	-9.413	-1.173	-17.799	-2.764	-1.205	-4.583
7.550	-9.440	-1.185	-17.845	-2.762	-1.215	-4.589
7.560	-9.468	-1.198	-17.891	-2.761	-1.223	-4.594
7.570	-9.496	-1.210	-17.937	-2.761	-1.231	-4.600
7.580	-9.523	-1.222	-17.983	-2.760	-1.238	-4.606
7.590	-9.551	-1.235	-18.029	-2.759	-1.245	-4.612
7.600	-9.578	-1.247	-18.075	-2.759	-1.252	-4.618
7.610	-9.606	-1.260	-18.122	-2.759	-1.259	-4.625
7.620	-9.634	-1.273	-18.168	-2.757	-1.268	-4.631
7.630	-9.661	-1.285	-18.214	-2.752	-1.278	-4.637
7.640	-9.689	-1.298	-18.261	-2.749	-1.288	-4.642
7.650	-9.716	-1.311	-18.307	-2.747	-1.298	-4.649
7.660	-9.744	-1.324	-18.354	-2.745	-1.307	-4.656
7.670	-9.771	-1.337	-18.400	-2.744	-1.315	-4.662
7.680	-9.798	-1.351	-18.447	-2.742	-1.323	-4.669
7.690	-9.826	-1.364	-18.494	-2.741	-1.330	-4.675
7.700	-9.853	-1.377	-18.541	-2.741	-1.337	-4.682
7.710	-9.881	-1.391	-18.588	-2.739	-1.343	-4.689
7.720	-9.908	-1.404	-18.635	-2.736	-1.351	-4.696
7.730	-9.935	-1.418	-18.682	-2.733	-1.360	-4.702
7.740	-9.963	-1.431	-18.729	-2.732	-1.368	-4.710
7.750	-9.990	-1.445	-18.776	-2.731	-1.377	-4.718
7.760	-10.017	-1.459	-18.823	-2.730	-1.384	-4.726
7.770	-10.045	-1.473	-18.870	-2.730	-1.390	-4.733
7.780	-10.072	-1.487	-18.918	-2.729	-1.396	-4.739
7.790	-10.099	-1.501	-18.965	-2.729	-1.402	-4.746
7.800	-10.126	-1.515	-19.013	-2.729	-1.406	-4.753
7.810	-10.154	-1.529	-19.060	-2.727	-1.412	-4.760
7.820	-10.181	-1.543	-19.108	-2.725	-1.418	-4.768
7.830	-10.208	-1.558	-19.156	-2.725	-1.424	-4.776
7.840	-10.235	-1.572	-19.204	-2.725	-1.430	-4.785
7.850	-10.263	-1.586	-19.252	-2.723	-1.437	-4.793
7.860	-10.290	-1.601	-19.300	-2.722	-1.444	-4.801
7.870	-10.317	-1.615	-19.348	-2.721	-1.451	-4.809
7.880	-10.344	-1.630	-19.396	-2.720	-1.457	-4.818
7.890	-10.371	-1.644	-19.444	-2.721	-1.463	-4.826
7.900	-10.399	-1.659	-19.492	-2.720	-1.467	-4.835
7.910	-10.426	-1.674	-19.541	-2.719	-1.471	-4.842
7.920	-10.453	-1.689	-19.589	-2.719	-1.475	-4.851
7.930	-10.480	-1.703	-19.638	-2.719	-1.478	-4.859
7.940	-10.507	-1.718	-19.687	-2.717	-1.482	-4.868
7.950	-10.535	-1.733	-19.735	-2.715	-1.487	-4.878
7.960	-10.562	-1.748	-19.784	-2.715	-1.492	-4.888
7.970	-10.589	-1.763	-19.833	-2.716	-1.498	-4.898
7.980	-10.616	-1.778	-19.882	-2.718	-1.502	-4.909
7.990	-10.643	-1.793	-19.932	-2.719	-1.503	-4.919
8.000	-10.670	-1.808	-19.981	-2.720	-1.506	-4.929
8.010	-10.698	-1.823	-20.030	-2.721	-1.507	-4.939
8.020	-10.725	-1.838	-20.080	-2.720	-1.509	-4.948
8.030	-10.752	-1.853	-20.129	-2.720	-1.510	-4.957
8.040	-10.779	-1.868	-20.179	-2.720	-1.511	-4.966
8.050	-10.806	-1.883	-20.229	-2.721	-1.513	-4.975
8.060	-10.834	-1.899	-20.279	-2.722	-1.516	-4.984
8.070	-10.861	-1.914	-20.329	-2.723	-1.518	-4.994
8.080	-10.888	-1.929	-20.379	-2.724	-1.519	-5.002
8.090	-10.915	-1.944	-20.429	-2.725	-1.521	-5.012
8.100	-10.943	-1.959	-20.479	-2.726	-1.523	-5.022
8.110	-10.970	-1.975	-20.529	-2.728	-1.524	-5.034
8.120	-10.997	-1.990	-20.580	-2.729	-1.524	-5.046
8.130	-11.025	-2.005	-20.630	-2.731	-1.525	-5.058
8.140	-11.052	-2.020	-20.681	-2.733	-1.525	-5.070
8.150	-11.079	-2.036	-20.732	-2.737	-1.525	-5.081
8.160	-11.107	-2.051	-20.783	-2.739	-1.526	-5.092
8.170	-11.134	-2.066	-20.834	-2.741	-1.526	-5.101
8.180	-11.161	-2.081	-20.885	-2.742	-1.526	-5.110
8.190	-11.189	-2.097	-20.936	-2.742	-1.526	-5.117
8.200	-11.216	-2.112	-20.987	-2.743	-1.524	-5.126
8.210	-11.244	-2.127	-21.039	-2.745	-1.520	-5.136
8.220	-11.271	-2.142	-21.090	-2.748	-1.518	-5.148
8.230	-11.299	-2.158	-21.142	-2.750	-1.516	-5.159
8.240	-11.326	-2.173	-21.193	-2.753	-1.515	-5.171
8.250	-11.354	-2.188	-21.245	-2.756	-1.513	-5.182
8.260	-11.381	-2.203	-21.297	-2.758	-1.512	-5.192
8.270	-11.409	-2.218	-21.349	-2.759	-1.511	-5.200
8.280	-11.437	-2.233	-21.401	-2.761	-1.508	-5.207
8.290	-11.464	-2.248	-21.453	-2.762	-1.504	-5.215
8.300	-11.492	-2.263	-21.506	-2.763	-1.500	-5.222
8.310	-11.520	-2.278	-21.558	-2.766	-1.494	-5.231
8.320	-11.547	-2.293	-21.610	-2.769	-1.489	-5.241
8.330	-11.575	-2.308	-21.663	-2.772	-1.484	-5.252
8.340	-11.603	-2.323	-21.715	-2.775	-1.479	-5.262
8.350	-11.630	-2.337	-21.768	-2.776	-1.475	-5.272
8.360	-11.658	-2.352	-21.821	-2.778	-1.471	-5.281
8.370	-11.686	-2.367	-21.874	-2.781	-1.468	-5.288
8.380	-11.714	-2.381	-21.927	-2.782	-1.463	-5.295
8.390	-11.742	-2.396	-21.980	-2.784	-1.457	-5.302
8.400	-11.770	-2.410	-22.033	-2.786	-1.452	-5.310
8.410	-11.797	-2.425	-22.086	-2.788	-1.444	-5.318
8.420	-11.825	-2.439	-22.139	-2.790	-1.437	-5.327
8.430	-11.853	-2.454	-22.193	-2.791	-1.429	-5.334
8.440	-11.881	-2.468	-22.246	-2.793	-1.424	-5.343
8.450	-11.909	-2.482	-22.300	-2.794	-1.418	-5.351
8.460	-11.937	-2.496	-22.353	-2.796	-1.412	-5.359
8.470	-11.965	-2.510	-22.407	-2.798	-1.405	-5.367
8.480	-11.993	-2.524	-22.461	-2.800	-1.399	-5.374
8.490	-12.021	-2.538	-22.514	-2.802	-1.392	-5.380
8.500	-12.049	-2.552	-22.568	-2.803	-1.385	-5.386
8.510	-12.077	-2.566	-22.622	-2.804	-1.378	-5.392
8.520	-12.105	-2.579	-22.676	-2.806	-1.370	-5.399
8.530	-12.133	-2.593	-22.730	-2.807	-1.362	-5.406
8.540	-12.161	-2.607	-22.784	-2.808	-1.354	-5.413
8.550	-12.189	-2.620	-22.839	-2.809	-1.346	-5.419
8.560	-12.218	-2.633	-22.893	-2.811	-1.338	-5.425
8.570	-12.246	-2.647	-22.947	-2.812	-1.331	-5.431
8.580	-12.274	-2.660	-23.002	-2.814	-1.323	-5.437
8.590	-12.302	-2.673	-23.056	-2.816	-1.316	-5.443
8.600	-12.330	-2.686	-23.110	-2.818	-1.308	-5.449
8.610	-12.358	-2.699	-23.165	-2.820	-1.300	-5.455
8.620	-12.387	-2.712	-23.220	-2.822	-1.291	-5.459
8.630	-12.415	-2.725	-23.274	-2.824	-1.282	-5.464
8.640	-12.443	-2.738	-23.329	-2.826	-1.273	-5.469
8.650	-12.471	-2.750	-23.384	-2.828	-1.264	-5.474
8.660	-12.500	-2.763	-23.438	-2.830	-1.254	-5.479
8.670	-12.528	-2.775	-23.493	-2.831	-1.245	-5.484
8.680	-12.556	-2.788	-23.548	-2.833	-1.237	-5.489
8.690	-12.585	-2.800	-23.603	-2.834	-1.228	-5.494
8.700	-12.613	-2.812	-23.658	-2.836	-1.218	-5.499
8.710	-12.641	-2.824	-23.713	-2.838	-1.209	-5.504
8.720	-12.670	-2.836	-23.768	-2.839	-1.200	-5.508
8.730	-12.698	-2.848	-23.823	-2.841	-1.191	-5.512
8.740	-12.727	-2.860	-23.879	-2.843	-1.181	-5.517
8.750	-12.755	-2.872	-23.934	-2.844	-1.171	-5.521
8.760	-12.784	-2.883	-23.989	-2.845	-1.162	-5.525
8.770	-12.812	-2.895	-24.044	-2.847	-1.153	-5.528
8.780	-12.841	-2.906	-24.100	-2.849	-1.144	-5.531
8.790	-12.869	-2.918	-24.155	-2.851	-1.135	-5.533
8.800	-12.898	-2.929	-24.210	-2.853	-1.126	-5.535
8.810	-12.926	-2.940	-24.266	-2.855	-1.118	-5.537
8.820	-12.955	-2.951	-24.321	-2.857	-1.109	-5.540
8.830	-12.983	-2.962	-24.376	-2.859	-1.100	-5.543
8.840	-13.012	-2.973	-24.432	-2.860	-1.090	-5.544
8.850	-13.040	-2.984	-24.487	-2.862	-1.080	-5.546
8.860	-13.069	-2.994	-24.543	-2.864	-1.070	-5.548
8.870	-13.098	-3.005	-24.598	-2.866	-1.062	-5.550
8.880	-13.126	-3.016	-24.654	-2.867	-1.052	-5.550
8.890	-13.155	-3.026	-24.709	-2.869	-1.042	-5.551
8.900	-13.184	-3.036	-24.765	-2.871	-1.033	-5.553
8.910	-13.213	-3.047	-24.820	-2.874	-1.022	-5.554
8.920	-13.241	-3.057	-24.876	-2.877	-1.012	-5.556
8.930	-13.270	-3.067	-24.932	-2.879	-1.002	-5.558
8.940	-13.299	-3.077	-24.987	-2.882	-0.992	-5.559
8.950	-13.328	-3.086	-25.043	-2.884	-0.983	-5.561
8.960	-13.357	-3.096	-25.098	-2.887	-0.974	-5.562
8.970	-13.386	-3.106	-25.154	-2.889	-0.965	-5.564
8.980	-13.414	-3.115	-25.210	-2.891	-0.956	-5.565
8.990	-13.443	-3.125	-25.265	-2.893	-0.948	-5.566
9.000	-13.472	-3.134	-25.321	-2.895	-0.940	-5.566
9.010	-13.501	-3.144	-25.377	-2.897	-0.932	-5.566
9.020	-13.530	-3.153	-25.432	-2.901	-0.922	-5.566
9.030	-13.559	-3.162	-25.488	-2.904	-0.912	-5.567
9.040	-13.588	-3.171	-25.544	-2.908	-0.901	-5.568
9.050	-13.618	-3.180	-25.599	-2.912	-0.891	-5.569
9.060	-13.647	-3.189	-25.655	-2.915	-0.880	-5.571
9.070	-13.676	-3.197	-25.711	-2.918	-0.871	-5.573
9.080	-13.705	-3.206	-25.767	-2.920	-0.862	-5.575
9.090	-13.734	-3.215	-25.822	-2.923	-0.853	-5.576
9.100	-13.764	-3.223	-25.878	-2.925	-0.844	-5.577
9.110	-13.793	-3.231	-25.934	-2.928	-0.835	-5.575
9.120	-13.822	-3.240	-25.990	-2.932	-0.826	-5.573
9.130	-13.852	-3.248	-26.045	-2.936	-0.816	-5.572
9.140	-13.881	-3.256	-26.101	-2.940	-0.805	-5.573
9.150	-13.910	-3.264	-26.157	-2.943	-0.795	-5.573
9.160	-13.940	-3.272	-26.212	-2.946	-0.786	-5.575
9.170	-13.969	-3.279	-26.268	-2.948	-0.777	-5.576
9.180	-13.999	-3.287	-26.324	-2.949	-0.769	-5.577
9.190	-14.028	-3.295	-26.380	-2.951	-0.762	-5.580
9.200	-14.058	-3.302	-26.436	-2.953	-0.753	-5.582
9.210	-14.087	-3.310	-26.491	-2.955	-0.744	-5.583
9.220	-14.117	-3.317	-26.547	-2.958	-0.734	-5.583
9.230	-14.147	-3.324	-26.603	-2.962	-0.724	-5.582
9.240	-14.176	-3.331	-26.659	-2.967	-0.714	-5.582
9.250	-14.206	-3.338	-26.715	-2.971	-0.704	-5.583
9.260	-14.236	-3.345	-26.771	-2.974	-0.695	-5.585
9.270	-14.265	-3.352	-26.827	-2.977	-0.687	-5.588
9.280	-14.295	-3.359	-26.882	-2.979	-0.680	-5.591
9.290	-14.325	-3.366	-26.938	-2.981	-0.672	-5.595
9.300	-14.355	-3.372	-26.994	-2.983	-0.663	-5.598
9.310	-14.385	-3.379	-27.050	-2.987	-0.654	-5.599
9.320	-14.415	-3.385	-27.106	-2.991	-0.644	-5.602
9.330	-14.445	-3.392	-27.162	-2.994	-0.634	-5.605
9.340	-14.475	-3.398	-27.218	-2.998	-0.625	-5.610
9.350	-14.505	-3.404	-27.275	-3.002	-0.618	-5.615
9.360	-14.535	-3.410	-27.331	-3.004	-0.611	-5.620
9.370	-14.565	-3.416	-27.387	-3.006	-0.606	-5.626
9.380	-14.595	-3.422	-27.443	-3.007	-0.600	-5.632
9.390	-14.625	-3.428	-27.500	-3.009	-0.592	-5.636
9.400	-14.655	-3.434	-27.556	-3.013	-0.582	-5.639
9.410	-14.685	-3.440	-27.613	-3.017	-0.572	-5.642
9.420	-14.715	-3.445	-27.669	-3.022	-0.564	-5.648
9.430	-14.746	-3.451	-27.726	-3.027	-0.557	-5.656
9.440	-14.776	-3.457	-27.782	-3.031	-0.551	-5.664
9.450	-14.806	-3.462	-27.839	-3.034	-0.546	-5.672
9.460	-14.837	-3.467	-27.896	-3.036	-0.542	-5.679
9.470	-14.867	-3.473	-27.953	-3.039	-0.538	-5.685
9.480	-14.897	-3.478	-28.010	-3.040	-0.532	-5.691
9.490	-14.928	-3.483	-28.067	-3.044	-0.522	-5.696
9.500	-14.958	-3.488	-28.123	-3.049	-0.512	-5.698
9.510	-14.989	-3.493	-28.181	-3.053	-0.506	-5.703
9.520	-15.019	-3.499	-28.238	-3.058	-0.502	-5.712
9.530	-15.050	-3.503	-28.295	-3.062	-0.499	-5.722
9.540	-15.081	-3.508	-28.352	-3.066	-0.496	-5.732
9.550	-15.111	-3.513	-28.410	-3.069	-0.493	-5.742
9.560	-15.142	-3.518	-28.467	-3.071	-0.490	-5.750
9.570	-15.173	-3.523	-28.525	-3.074	-0.484	-5.758
9.580	-15.204	-3.528	-28.582	-3.078	-0.476	-5.764
9.590	-15.235	-3.533	-28.640	-3.083	-0.470	-5.769
9.600	-15.265	-3.537	-28.698	-3.088	-0.464	-5.776
9.610	-15.296	-3.542	-28.756	-3.092	-0.460	-5.785
9.620	-15.327	-3.546	-28.814	-3.096	-0.457	-5.794
9.630	-15.358	-3.551	-28.872	-3.099	-0.456	-5.804
9.640	-15.389	-3.556	-28.930	-3.101	-0.458	-5.814
9.650	-15.420	-3.560	-28.988	-3.102	-0.457	-5.822
9.660	-15.451	-3.565	-29.046	-3.104	-0.453	-5.830
9.670	-15.482	-3.569	-29.105	-3.108	-0.447	-5.839
9.680	-15.514	-3.574	-29.163	-3.114	-0.443	-5.849
9.690	-15.545	-3.578	-29.222	-3.118	-0.441	-5.861
9.700	-15.576	-3.582	-29.280	-3.122	-0.441	-5.873
9.710	-15.607	-3.587	-29.339	-3.125	-0.443	-5.884
9.720	-15.638	-3.591	-29.398	-3.128	-0.445	-5.894
9.730	-15.670	-3.596	-29.457	-3.129	-0.446	-5.904
9.740	-15.701	-3.600	-29.516	-3.130	-0.443	-5.913
9.750	-15.732	-3.605	-29.576	-3.132	-0.440	-5.921
9.760	-15.764	-3.609	-29.635	-3.136	-0.437	-5.928
9.770	-15.795	-3.613	-29.694	-3.139	-0.435	-5.937
9.780	-15.827	-3.618	-29.754	-3.143	-0.435	-5.948
9.790	-15.858	-3.622	-29.813	-3.146	-0.437	-5.960
9.800	-15.890	-3.626	-29.873	-3.150	-0.440	-5.971
9.810	-15.921	-3.631	-29.933	-3.152	-0.445	-5.982
9.820	-15.953	-3.635	-29.993	-3.155	-0.448	-5.993
9.830	-15.984	-3.640	-30.053	-3.157	-0.448	-6.003
9.840	-16.016	-3.644	-30.113	-3.160	-0.448	-6.012
9.850	-16.047	-3.649	-30.173	-3.163	-0.448	-6.019
9.860	-16.079	-3.653	-30.233	-3.166	-0.449	-6.027
9.870	-16.111	-3.658	-30.294	-3.168	-0.452	-6.036
9.880	-16.142	-3.662	-30.354	-3.171	-0.457	-6.045
9.890	-16.174	-3.667	-30.415	-3.173	-0.464	-6.055
9.900	-16.206	-3.672	-30.475	-3.175	-0.470	-6.064
9.910	-16.238	-3.676	-30.536	-3.176	-0.476	-6.074
9.920	-16.269	-3.681	-30.597	-3.179	-0.479	-6.083
9.930	-16.301	-3.686	-30.658	-3.182	-0.482	-6.090
9.940	-16.333	-3.691	-30.719	-3.185	-0.485	-6.097
9.950	-16.365	-3.696	-30.780	-3.188	-0.489	-6.104
9.960	-16.397	-3.701	-30.841	-3.191	-0.494	-6.112
9.970	-16.429	-3.706	-30.902	-3.193	-0.501	-6.120
9.980	-16.461	-3.711	-30.964	-3.195	-0.508	-6.127
9.990	-16.493	-3.716	-31.025	-3.197	-0.514	-6.135
10.000	-16.525	-3.721	-31.086	-3.199	-0.519	-6.143
10.010	-16.557	-3.726	-31.148	-3.201	-0.525	-6.151
10.020	-16.589	-3.732	-31.209	-3.203	-0.532	-6.159
10.030	-16.621	-3.737	-31.271	-3.206	-0.538	-6.166
10.040	-16.653	-3.743	-31.333	-3.208	-0.545	-6.173
10.050	-16.685	-3.748	-31.395	-3.209	-0.551	-6.180
10.060	-16.717	-3.754	-31.456	-3.211	-0.559	-6.187
10.070	-16.749	-3.759	-31.518	-3.213	-0.567	-6.194
10.080	-16.781	-3.765	-31.580	-3.214	-0.574	-6.201
10.090	-16.814	-3.771	-31.642	-3.216	-0.580	-6.208
10.100	-16.846	-3.777	-31.705	-3.218	-0.587	-6.215
10.110	-16.878	-3.783	-31.767	-3.220	-0.595	-6.221
10.120	-16.910	-3.789	-31.829	-3.222	-0.603	-6.227
10.130	-16.942	-3.795	-31.891	-3.224	-0.610	-6.233
10.140	-16.975	-3.801	-31.954	-3.226	-0.617	-6.238
10.150	-17.007	-3.807	-32.016	-3.227	-0.626	-6.244
10.160	-17.039	-3.814	-32.079	-3.229	-0.633	-6.251
10.170	-17.072	-3.820	-32.141	-3.231	-0.642	-6.257
10.180	-17.104	-3.826	-32.204	-3.232	-0.650	-6.264
10.190	-17.136	-3.833	-32.267	-3.235	-0.658	-6.271
10.200	-17.169	-3.840	-32.329	-3.237	-0.666	-6.276
10.210	-17.201	-3.846	-32.392	-3.239	-0.675	-6.281
10.220	-17.233	-3.853	-32.455	-3.241	-0.682	-6.287
10.230	-17.266	-3.860	-32.518	-3.243	-0.690	-6.291
10.240	-17.298	-3.867	-32.581	-3.245	-0.698	-6.296
10.250	-17.331	-3.874	-32.644	-3.246	-0.706	-6.301
10.260	-17.363	-3.881	-32.707	-3.248	-0.715	-6.307
10.270	-17.396	-3.889	-32.770	-3.249	-0.722	-6.312
10.280	-17.428	-3.896	-32.833	-3.250	-0.731	-6.317
10.290	-17.461	-3.903	-32.897	-3.252	-0.740	-6.322
10.300	-17.493	-3.911	-32.960	-3.254	-0.749	-6.328
10.310	-17.526	-3.918	-33.023	-3.255	-0.758	-6.331
10.320	-17.558	-3.926	-33.087	-3.257	-0.766	-6.334
10.330	-17.591	-3.934	-33.150	-3.258	-0.773	-6.338
10.340	-17.624	-3.942	-33.213	-3.260	-0.780	-6.342
10.350	-17.656	-3.949	-33.277	-3.262	-0.789	-6.347
10.360	-17.689	-3.957	-33.340	-3.264	-0.797	-6.352
10.370	-17.721	-3.965	-33.404	-3.266	-0.807	-6.356
10.380	-17.754	-3.974	-33.467	-3.267	-0.815	-6.361
10.390	-17.787	-3.982	-33.531	-3.269	-0.824	-6.365
10.400	-17.820	-3.990	-33.595	-3.271	-0.833	-6.369
10.410	-17.852	-3.999	-33.659	-3.273	-0.843	-6.373
10.420	-17.885	-4.007	-33.722	-3.275	-0.852	-6.377
10.430	-17.918	-4.016	-33.786	-3.276	-0.861	-6.382
10.440	-17.951	-4.024	-33.850	-3.278	-0.870	-6.386
10.450	-17.983	-4.033	-33.914	-3.280	-0.878	-6.390
10.460	-18.016	-4.042	-33.978	-3.281	-0.886	-6.394
10.470	-18.049	-4.051	-34.042	-3.283	-0.894	-6.399
10.480	-18.082	-4.060	-34.106	-3.284	-0.903	-6.403
10.490	-18.115	-4.069	-34.170	-3.285	-0.911	-6.407
10.500	-18.148	-4.078	-34.234	-3.287	-0.919	-6.411
10.510	-18.180	-4.088	-34.298	-3.288	-0.928	-6.415
10.520	-18.213	-4.097	-34.362	-3.289	-0.937	-6.419
10.530	-18.246	-4.107	-34.427	-3.291	-0.946	-6.423
10.540	-18.279	-4.116	-34.491	-3.293	-0.955	-6.428
10.550	-18.312	-4.126	-34.555	-3.295	-0.963	-6.432
10.560	-18.345	-4.135	-34.620	-3.296	-0.971	-6.437
10.570	-18.378	-4.145	-34.684	-3.297	-0.980	-6.442
10.580	-18.411	-4.155	-34.748	-3.299	-0.989	-6.447
10.590	-18.444	-4.165	-34.813	-3.300	-0.997	-6.452
10.600	-18.477	-4.175	-34.878	-3.301	-1.006	-6.456
10.610	-18.510	-4.185	-34.942	-3.301	-1.015	-6.461
10.620	-18.543	-4.196	-35.007	-3.302	-1.024	-6.466
10.630	-18.576	-4.206	-35.072	-3.302	-1.033	-6.471
10.640	-18.609	-4.216	-35.136	-3.303	-1.042	-6.476
10.650	-18.642	-4.227	-35.201	-3.304	-1.051	-6.481
10.660	-18.675	-4.237	-35.266	-3.305	-1.060	-6.487
10.670	-18.708	-4.248	-35.331	-3.305	-1.068	-6.492
10.680	-18.741	-4.259	-35.396	-3.306	-1.076	-6.497
10.690	-18.774	-4.270	-35.461	-3.307	-1.084	-6.503
10.700	-18.807	-4.281	-35.526	-3.308	-1.093	-6.509
10.710	-18.841	-4.292	-35.591	-3.309	-1.101	-6.515
10.720	-18.874	-4.303	-35.656	-3.309	-1.110	-6.520
10.730	-18.907	-4.314	-35.722	-3.309	-1.118	-6.526
10.740	-18.940	-4.325	-35.787	-3.310	-1.125	-6.532
10.750	-18.973	-4.336	-35.852	-3.310	-1.133	-6.538
10.760	-19.006	-4.348	-35.918	-3.310	-1.141	-6.544
10.770	-19.039	-4.359	-35.983	-3.310	-1.148	-6.550
10.780	-19.072	-4.371	-36.049	-3.310	-1.156	-6.557
10.790	-19.105	-4.383	-36.114	-3.310	-1.164	-6.563
10.800	-19.138	-4.394	-36.180	-3.311	-1.172	-6.570
10.810	-19.172	-4.406	-36.246	-3.311	-1.181	-6.578
10.820	-19.205	-4.418	-36.312	-3.311	-1.188	-6.585
10.830	-19.238	-4.430	-36.378	-3.311	-1.196	-6.592
10.840	-19.271	-4.442	-36.444	-3.310	-1.203	-6.600
10.850	-19.304	-4.454	-36.510	-3.310	-1.210	-6.607
10.860	-19.337	-4.466	-36.576	-3.310	-1.217	-6.615
10.870	-19.370	-4.478	-36.642	-3.310	-1.224	-6.623
10.880	-19.403	-4.491	-36.708	-3.310	-1.230	-6.631
10.890	-19.436	-4.503	-36.775	-3.310	-1.236	-6.639
10.900	-19.470	-4.516	-36.841	-3.310	-1.240	-6.647
10.910	-19.503	-4.528	-36.908	-3.310	-1.246	-6.655
10.920	-19.536	-4.540	-36.974	-3.310	-1.251	-6.664
10.930	-19.569	-4.553	-37.041	-3.310	-1.256	-6.672
10.940	-19.602	-4.566	-37.108	-3.310	-1.262	-6.681
10.950	-19.635	-4.578	-37.175	-3.310	-1.267	-6.690
10.960	-19.668	-4.591	-37.242	-3.309	-1.272	-6.699
10.970	-19.701	-4.604	-37.309	-3.309	-1.277	-6.708
10.980	-19.734	-4.617	-37.376	-3.308	-1.282	-6.718
10.990	-19.767	-4.630	-37.443	-3.307	-1.287	-6.727
11.000	-19.800	-4.642	-37.511	-3.307	-1.291	-6.737
11.010	-19.833	-4.655	-37.578	-3.307	-1.295	-6.746
11.020	-19.867	-4.668	-37.646	-3.306	-1.298	-6.756
11.030	-19.900	-4.681	-37.713	-3.305	-1.300	-6.766
11.040	-19.933	-4.694	-37.781	-3.304	-1.303	-6.776
11.050	-19.966	-4.707	-37.849	-3.304	-1.306	-6.787
11.060	-19.999	-4.721	-37.917	-3.304	-1.309	-6.796
11.070	-20.032	-4.734	-37.985	-3.303	-1.312	-6.806
11.080	-20.065	-4.747	-38.053	-3.301	-1.316	-6.817
11.090	-20.098	-4.760	-38.122	-3.300	-1.318	-6.827
11.100	-20.131	-4.773	-38.190	-3.300	-1.319	-6.836
11.110	-20.164	-4.786	-38.258	-3.299	-1.321	-6.845
11.120	-20.197	-4.800	-38.327	-3.298	-1.324	-6.856
11.130	-20.230	-4.813	-38.396	-3.298	-1.327	-6.867
11.140	-20.263	-4.826	-38.464	-3.298	-1.330	-6.877
11.150	-20.296	-4.840	-38.533	-3.296	-1.333	-6.887
11.160	-20.329	-4.853	-38.602	-3.295	-1.336	-6.897
11.170	-20.362	-4.866	-38.671	-3.293	-1.338	-6.907
11.180	-20.394	-4.880	-38.740	-3.293	-1.340	-6.917
11.190	-20.427	-4.893	-38.810	-3.293	-1.343	-6.927
11.200	-20.460	-4.907	-38.879	-3.292	-1.347	-6.940
11.210	-20.493	-4.920	-38.949	-3.292	-1.348	-6.948
11.220	-20.526	-4.934	-39.018	-3.291	-1.350	-6.957
11.230	-20.559	-4.947	-39.088	-3.290	-1.353	-6.967
11.240	-20.592	-4.961	-39.158	-3.289	-1.355	-6.977
11.250	-20.625	-4.974	-39.228	-3.289	-1.358	-6.988
11.260	-20.658	-4.988	-39.297	-3.288	-1.360	-6.998
11.270	-20.691	-5.001	-39.368	-3.289	-1.361	-7.009
11.280	-20.723	-5.015	-39.438	-3.288	-1.362	-7.019
11.290	-20.756	-5.029	-39.508	-3.288	-1.363	-7.028
11.300	-20.789	-5.042	-39.578	-3.287	-1.364	-7.037
11.310	-20.822	-5.056	-39.649	-3.286	-1.365	-7.047
11.320	-20.855	-5.070	-39.719	-3.286	-1.366	-7.057
11.330	-20.888	-5.083	-39.790	-3.286	-1.367	-7.067
11.340	-20.921	-5.097	-39.861	-3.285	-1.368	-7.076
11.350	-20.953	-5.111	-39.932	-3.285	-1.370	-7.086
11.360	-20.986	-5.124	-40.003	-3.284	-1.371	-7.095
11.370	-21.019	-5.138	-40.074	-3.284	-1.372	-7.104
11.380	-21.052	-5.152	-40.145	-3.283	-1.373	-7.113
11.390	-21.085	-5.166	-40.216	-3.283	-1.374	-7.122
11.400	-21.118	-5.179	-40.287	-3.282	-1.374	-7.131
11.410	-21.150	-5.193	-40.359	-3.282	-1.373	-7.140
11.420	-21.183	-5.207	-40.430	-3.282	-1.373	-7.150
11.430	-21.216	-5.220	-40.502	-3.282	-1.373	-7.159
11.440	-21.249	-5.234	-40.574	-3.281	-1.373	-7.169
11.450	-21.282	-5.248	-40.645	-3.281	-1.374	-7.179
11.460	-21.315	-5.262	-40.717	-3.280	-1.376	-7.189
11.470	-21.347	-5.276	-40.789	-3.280	-1.378	-7.200
11.480	-21.380	-5.289	-40.861	-3.280	-1.379	-7.209
11.490	-21.413	-5.303	-40.934	-3.280	-1.379	-7.218
11.500	-21.446	-5.317	-41.006	-3.280	-1.379	-7.228
11.510	-21.479	-5.331	-41.078	-3.280	-1.381	-7.240
11.520	-21.511	-5.345	-41.151	-3.281	-1.382	-7.251
11.530	-21.544	-5.358	-41.223	-3.281	-1.383	-7.260
11.540	-21.577	-5.372	-41.296	-3.281	-1.383	-7.269
11.550	-21.610	-5.386	-41.369	-3.281	-1.384	-7.279
11.560	-21.643	-5.400	-41.442	-3.281	-1.384	-7.288
11.570	-21.675	-5.414	-41.515	-3.282	-1.384	-7.297
11.580	-21.708	-5.428	-41.588	-3.283	-1.384	-7.307
11.590	-21.741	-5.441	-41.661	-3.285	-1.384	-7.317
11.600	-21.774	-5.455	-41.734	-3.286	-1.384	-7.327
11.610	-21.807	-5.469	-41.808	-3.287	-1.385	-7.337
11.620	-21.840	-5.483	-41.881	-3.288	-1.385	-7.348
11.630	-21.873	-5.497	-41.955	-3.290	-1.384	-7.358
11.640	-21.905	-5.511	-42.028	-3.291	-1.385	-7.367
11.650	-21.938	-5.524	-42.102	-3.293	-1.386	-7.379
11.660	-21.971	-5.538	-42.176	-3.294	-1.387	-7.390
11.670	-22.004	-5.552	-42.250	-3.295	-1.387	-7.398
11.680	-22.037	-5.566	-42.324	-3.297	-1.387	-7.407
11.690	-22.070	-5.580	-42.398	-3.298	-1.388	-7.418
11.700	-22.103	-5.594	-42.472	-3.299	-1.390	-7.429
11.710	-22.136	-5.608	-42.547	-3.300	-1.393	-7.440
11.720	-22.169	-5.622	-42.621	-3.302	-1.390	-7.448
11.730	-22.202	-5.636	-42.696	-3.304	-1.389	-7.460
11.740	-22.235	-5.649	-42.771	-3.305	-1.390	-7.471
11.750	-22.268	-5.663	-42.845	-3.307	-1.390	-7.480
11.760	-22.302	-5.677	-42.920	-3.310	-1.388	-7.489
11.770	-22.335	-5.691	-42.995	-3.312	-1.388	-7.499
11.780	-22.368	-5.705	-43.070	-3.314	-1.388	-7.507
11.790	-22.401	-5.719	-43.146	-3.316	-1.388	-7.516
11.800	-22.434	-5.733	-43.221	-3.318	-1.387	-7.527
11.810	-22.467	-5.747	-43.296	-3.320	-1.388	-7.538
11.820	-22.501	-5.761	-43.372	-3.321	-1.389	-7.548
11.830	-22.534	-5.774	-43.447	-3.322	-1.389	-7.557
11.840	-22.567	-5.788	-43.523	-3.323	-1.388	-7.565
11.850	-22.600	-5.802	-43.599	-3.324	-1.388	-7.574
11.860	-22.633	-5.816	-43.674	-3.325	-1.387	-7.584
11.870	-22.667	-5.830	-43.750	-3.326	-1.386	-7.593
11.880	-22.700	-5.844	-43.826	-3.327	-1.385	-7.603
11.890	-22.733	-5.858	-43.903	-3.329	-1.386	-7.613
11.900	-22.767	-5.871	-43.979	-3.331	-1.387	-7.624
11.910	-22.800	-5.885	-44.055	-3.332	-1.389	-7.635
11.920	-22.833	-5.899	-44.132	-3.334	-1.390	-7.645
11.930	-22.867	-5.913	-44.208	-3.334	-1.390	-7.655
11.940	-22.900	-5.927	-44.285	-3.335	-1.390	-7.665
11.950	-22.933	-5.941	-44.362	-3.334	-1.389	-7.674
11.960	-22.967	-5.955	-44.438	-3.335	-1.388	-7.682
11.970	-23.000	-5.969	-44.515	-3.335	-1.387	-7.692
11.980	-23.033	-5.983	-44.592	-3.336	-1.387	-7.701
11.990	-23.067	-5.996	-44.669	-3.339	-1.387	-7.712
12.000	-23.100	-6.010	-44.747	-3.342	-1.386	-7.724
12.010	-23.134	-6.024	-44.824	-3.343	-1.387	-7.736
12.020	-23.167	-6.038	-44.901	-3.343	-1.389	-7.747
12.030	-23.200	-6.052	-44.979	-3.343	-1.389	-7.757
12.040	-23.234	-6.066	-45.057	-3.344	-1.388	-7.766
12.050	-23.267	-6.080	-45.134	-3.345	-1.387	-7.776
12.060	-23.301	-6.094	-45.212	-3.346	-1.385	-7.786
12.070	-23.334	-6.107	-45.290	-3.346	-1.384	-7.794
12.080	-23.368	-6.121	-45.368	-3.347	-1.382	-7.803
12.090	-23.401	-6.135	-45.446	-3.348	-1.380	-7.813
12.100	-23.435	-6.149	-45.525	-3.348	-1.379	-7.823
12.110	-23.468	-6.163	-45.603	-3.349	-1.379	-7.834
12.120	-23.502	-6.176	-45.681	-3.350	-1.378	-7.847
12.130	-23.535	-6.190	-45.760	-3.352	-1.380	-7.861
12.140	-23.569	-6.204	-45.839	-3.352	-1.383	-7.874
12.150	-23.602	-6.218	-45.918	-3.352	-1.384	-7.883
12.160	-23.636	-6.232	-45.996	-3.354	-1.377	-7.886
12.170	-23.669	-6.245	-46.075	-3.352	-1.381	-7.898
12.180	-23.703	-6.259	-46.155	-3.353	-1.380	-7.907
12.190	-23.736	-6.273	-46.234	-3.354	-1.377	-7.916
12.200	-23.770	-6.287	-46.313	-3.355	-1.377	-7.927
12.210	-23.803	-6.301	-46.392	-3.356	-1.376	-7.938
12.220	-23.837	-6.314	-46.472	-3.357	-1.376	-7.949
12.230	-23.871	-6.328	-46.551	-3.357	-1.376	-7.960
12.240	-23.904	-6.342	-46.631	-3.358	-1.375	-7.971
12.250	-23.938	-6.356	-46.711	-3.358	-1.374	-7.981
12.260	-23.971	-6.369	-46.791	-3.358	-1.373	-7.991
12.270	-24.005	-6.383	-46.871	-3.358	-1.373	-8.002
12.280	-24.039	-6.397	-46.951	-3.357	-1.372	-8.012
12.290	-24.072	-6.410	-47.031	-3.357	-1.370	-8.021
12.300	-24.106	-6.424	-47.112	-3.359	-1.370	-8.030
12.310	-24.139	-6.438	-47.192	-3.360	-1.370	-8.042
12.320	-24.173	-6.452	-47.272	-3.361	-1.371	-8.052
12.330	-24.207	-6.465	-47.353	-3.362	-1.371	-8.063
12.340	-24.240	-6.479	-47.434	-3.363	-1.371	-8.074
12.350	-24.274	-6.493	-47.515	-3.363	-1.371	-8.084
12.360	-24.307	-6.506	-47.596	-3.364	-1.370	-8.094
12.370	-24.341	-6.520	-47.677	-3.364	-1.369	-8.104
12.380	-24.375	-6.534	-47.758	-3.364	-1.368	-8.113
12.390	-24.408	-6.547	-47.839	-3.364	-1.366	-8.122
12.400	-24.442	-6.561	-47.920	-3.365	-1.366	-8.132
12.410	-24.476	-6.575	-48.002	-3.365	-1.366	-8.142
12.420	-24.509	-6.588	-48.083	-3.365	-1.366	-8.152
12.430	-24.543	-6.602	-48.165	-3.365	-1.366	-8.163
12.440	-24.577	-6.616	-48.247	-3.365	-1.367	-8.174
12.450	-24.610	-6.629	-48.328	-3.366	-1.367	-8.185
12.460	-24.644	-6.643	-48.410	-3.367	-1.366	-8.194
12.470	-24.678	-6.657	-48.492	-3.367	-1.365	-8.204
12.480	-24.711	-6.670	-48.575	-3.368	-1.364	-8.213
12.490	-24.745	-6.684	-48.657	-3.368	-1.364	-8.223
12.500	-24.779	-6.698	-48.739	-3.369	-1.363	-8.232
12.510	-24.812	-6.711	-48.822	-3.370	-1.363	-8.242
12.520	-24.846	-6.725	-48.904	-3.371	-1.363	-8.252
12.530	-24.880	-6.738	-48.987	-3.371	-1.363	-8.263
12.540	-24.913	-6.752	-49.069	-3.372	-1.363	-8.274
12.550	-24.947	-6.766	-49.152	-3.373	-1.363	-8.284
12.560	-24.981	-6.779	-49.235	-3.373	-1.363	-8.294
12.570	-25.015	-6.793	-49.318	-3.373	-1.362	-8.304
12.580	-25.048	-6.807	-49.401	-3.373	-1.361	-8.314
12.590	-25.082	-6.820	-49.485	-3.374	-1.361	-8.323
12.600	-25.116	-6.834	-49.568	-3.374	-1.361	-8.333
12.610	-25.150	-6.847	-49.651	-3.375	-1.361	-8.344
12.620	-25.183	-6.861	-49.735	-3.375	-1.361	-8.354
12.630	-25.217	-6.875	-49.819	-3.375	-1.360	-8.364
12.640	-25.251	-6.888	-49.902	-3.376	-1.359	-8.373
12.650	-25.285	-6.902	-49.986	-3.376	-1.359	-8.383
12.660	-25.318	-6.915	-50.070	-3.376	-1.358	-8.393
12.670	-25.352	-6.929	-50.154	-3.376	-1.359	-8.403
12.680	-25.386	-6.943	-50.238	-3.377	-1.359	-8.414
12.690	-25.420	-6.956	-50.322	-3.377	-1.360	-8.424
12.700	-25.453	-6.970	-50.407	-3.378	-1.360	-8.434
12.710	-25.487	-6.983	-50.491	-3.378	-1.359	-8.444
12.720	-25.521	-6.997	-50.576	-3.378	-1.358	-8.455
12.730	-25.555	-7.011	-50.660	-3.378	-1.357	-8.464
12.740	-25.589	-7.024	-50.745	-3.378	-1.357	-8.474
12.750	-25.622	-7.038	-50.830	-3.378	-1.356	-8.484
12.760	-25.656	-7.051	-50.915	-3.379	-1.356	-8.494
12.770	-25.690	-7.065	-51.000	-3.379	-1.355	-8.503
12.780	-25.724	-7.078	-51.085	-3.379	-1.355	-8.513
12.790	-25.758	-7.092	-51.170	-3.379	-1.355	-8.523
12.800	-25.791	-7.105	-51.256	-3.379	-1.355	-8.534
12.810	-25.825	-7.119	-51.341	-3.380	-1.354	-8.544
12.820	-25.859	-7.132	-51.427	-3.380	-1.354	-8.554
12.830	-25.893	-7.146	-51.512	-3.380	-1.354	-8.564
12.840	-25.927	-7.160	-51.598	-3.380	-1.353	-8.574
12.850	-25.960	-7.173	-51.684	-3.380	-1.352	-8.583
12.860	-25.994	-7.187	-51.770	-3.380	-1.352	-8.593
12.870	-26.028	-7.200	-51.856	-3.380	-1.351	-8.604
12.880	-26.062	-7.214	-51.942	-3.380	-1.351	-8.614
12.890	-26.096	-7.227	-52.028	-3.380	-1.351	-8.624
12.900	-26.129	-7.241	-52.115	-3.380	-1.351	-8.634
12.910	-26.163	-7.254	-52.201	-3.380	-1.351	-8.644
12.920	-26.197	-7.268	-52.288	-3.381	-1.350	-8.653
12.930	-26.231	-7.281	-52.374	-3.381	-1.350	-8.663
12.940	-26.265	-7.295	-52.461	-3.381	-1.349	-8.674
12.950	-26.298	-7.308	-52.548	-3.380	-1.348	-8.684
12.960	-26.332	-7.322	-52.635	-3.380	-1.348	-8.694
12.970	-26.366	-7.335	-52.722	-3.380	-1.347	-8.703
12.980	-26.400	-7.349	-52.809	-3.380	-1.347	-8.713
12.990	-26.434	-7.362	-52.896	-3.380	-1.346	-8.723
13.000	-26.467	-7.375	-52.983	-3.380	-1.345	-8.733
13.010	-26.501	-7.389	-53.071	-3.380	-1.346	-8.744
13.020	-26.535	-7.402	-53.158	-3.379	-1.346	-8.754
13.030	-26.569	-7.416	-53.246	-3.379	-1.345	-8.764
13.040	-26.603	-7.429	-53.334	-3.379	-1.345	-8.774
13.050	-26.636	-7.443	-53.422	-3.379	-1.345	-8.784
13.060	-26.670	-7.456	-53.510	-3.378	-1.346	-8.794
13.070	-26.704	-7.470	-53.598	-3.379	-1.345	-8.804
13.080	-26.738	-7.483	-53.686	-3.379	-1.344	-8.814
13.090	-26.771	-7.496	-53.774	-3.379	-1.343	-8.824
13.100	-26.805	-7.510	-53.862	-3.379	-1.342	-8.834
13.110	-26.839	-7.523	-53.951	-3.379	-1.342	-8.844
13.120	-26.873	-7.537	-54.039	-3.379	-1.342	-8.854
13.130	-26.907	-7.550	-54.128	-3.379	-1.341	-8.864
13.140	-26.940	-7.564	-54.217	-3.379	-1.341	-8.874
13.150	-26.974	-7.577	-54.306	-3.379	-1.341	-8.884
13.160	-27.008	-7.590	-54.395	-3.379	-1.342	-8.894
13.170	-27.042	-7.604	-54.484	-3.379	-1.341	-8.905
13.180	-27.076	-7.617	-54.573	-3.379	-1.342	-8.915
13.190	-27.109	-7.631	-54.662	-3.380	-1.341	-8.924
13.200	-27.143	-7.644	-54.751	-3.380	-1.340	-8.934
13.210	-27.177	-7.657	-54.841	-3.380	-1.340	-8.945
13.220	-27.211	-7.671	-54.930	-3.380	-1.341	-8.955
13.230	-27.245	-7.684	-55.020	-3.380	-1.340	-8.965
13.240	-27.278	-7.698	-55.110	-3.380	-1.340	-8.975
13.250	-27.312	-7.711	-55.200	-3.380	-1.340	-8.985
13.260	-27.346	-7.724	-55.289	-3.380	-1.340	-8.995
13.270	-27.380	-7.738	-55.380	-3.380	-1.340	-9.005
13.280	-27.414	-7.751	-55.470	-3.381	-1.340	-9.015
13.290	-27.447	-7.765	-55.560	-3.381	-1.340	-9.025
13.300	-27.481	-7.778	-55.650	-3.381	-1.339	-9.035
13.310	-27.515	-7.791	-55.741	-3.381	-1.339	-9.045
13.320	-27.549	-7.805	-55.831	-3.381	-1.339	-9.055
13.330	-27.583	-7.818	-55.922	-3.381	-1.339	-9.065
13.340	-27.616	-7.832	-56.013	-3.381	-1.339	-9.075
13.350	-27.650	-7.845	-56.104	-3.382	-1.339	-9.085
13.360	-27.684	-7.858	-56.194	-3.382	-1.339	-9.095
13.370	-27.718	-7.872	-56.285	-3.382	-1.339	-9.105
13.380	-27.752	-7.885	-56.377	-3.382	-1.338	-9.115
13.390	-27.786	-7.899	-56.468	-3.382	-1.338	-9.125
13.400	-27.819	-7.912	-56.559	-3.382	-1.338	-9.135
13.410	-27.853	-7.925	-56.651	-3.382	-1.338	-9.145
13.420	-27.887	-7.939	-56.742	-3.382	-1.338	-9.155
13.430	-27.921	-7.952	-56.834	-3.382	-1.338	-9.165
13.440	-27.955	-7.965	-56.926	-3.382	-1.338	-9.175
13.450	-27.988	-7.979	-57.017	-3.382	-1.338	-9.185
13.460	-28.022	-7.992	-57.109	-3.382	-1.338	-9.195
13.470	-28.056	-8.006	-57.202	-3.383	-1.336	-9.205
13.480	-28.090	-8.019	-57.294	-3.383	-1.336	-9.215
13.490	-28.124	-8.032	-57.386	-3.383	-1.336	-9.225
13.500	-28.158	-8.046	-57.478	-3.383	-1.336	-9.235
13.510	-28.191	-8.059	-57.571	-3.383	-1.336	-9.245
13.520	-28.225	-8.072	-57.663	-3.383	-1.336	-9.255
13.530	-28.259	-8.086	-57.756	-3.383	-1.336	-9.265
13.540	-28.293	-8.099	-57.849	-3.384	-1.336	-9.275
13.550	-28.327	-8.112	-57.942	-3.383	-1.336	-9.285
13.560	-28.361	-8.126	-58.034	-3.383	-1.336	-9.295
13.570	-28.394	-8.139	-58.128	-3.384	-1.336	-9.305
13.580	-28.428	-8.152	-58.221	-3.384	-1.336	-9.315
13.590	-28.462	-8.166	-58.314	-3.384	-1.335	-9.326
13.600	-28.496	-8.179	-58.407	-3.384	-1.335	-9.336
13.610	-28.530	-8.193	-58.501	-3.384	-1.335	-9.346
13.620	-28.564	-8.206	-58.594	-3.384	-1.335	-9.356
13.630	-28.598	-8.219	-58.688	-3.384	-1.335	-9.366
13.640	-28.631	-8.233	-58.782	-3.384	-1.335	-9.376
13.650	-28.665	-8.246	-58.876	-3.384	-1.335	-9.386
13.660	-28.699	-8.259	-58.970	-3.384	-1.335	-9.396
13.670	-28.733	-8.273	-59.064	-3.384	-1.335	-9.406
13.680	-28.767	-8.286	-59.158	-3.385	-1.335	-9.416
13.690	-28.801	-8.299	-59.252	-3.385	-1.335	-9.426
13.700	-28.834	-8.313	-59.346	-3.385	-1.335	-9.436
13.710	-28.868	-8.326	-59.441	-3.385	-1.334	-9.446
13.720	-28.902	-8.339	-59.535	-3.385	-1.334	-9.456
13.730	-28.936	-8.353	-59.630	-3.385	-1.334	-9.466
13.740	-28.970	-8.366	-59.725	-3.385	-1.334	-9.476
13.750	-29.004	-8.379	-59.820	-3.385	-1.334	-9.486
13.760	-29.038	-8.393	-59.915	-3.385	-1.334	-9.496
13.770	-29.071	-8.406	-60.010	-3.385	-1.334	-9.506
13.780	-29.105	-8.419	-60.105	-3.385	-1.334	-9.516
13.790	-29.139	-8.433	-60.200	-3.386	-1.334	-9.526
13.800	-29.173	-8.446	-60.295	-3.386	-1.334	-9.536
13.810	-29.207	-8.459	-60.391	-3.386	-1.333	-9.546
13.820	-29.241	-8.473	-60.486	-3.386	-1.333	-9.556
13.830	-29.275	-8.486	-60.582	-3.386	-1.333	-9.566
13.840	-29.308	-8.499	-60.678	-3.386	-1.333	-9.576
13.850	-29.342	-8.513	-60.774	-3.386	-1.333	-9.586
13.860	-29.376	-8.526	-60.870	-3.386	-1.333	-9.596
13.870	-29.410	-8.539	-60.966	-3.386	-1.333	-9.606
13.880	-29.444	-8.553	-61.062	-3.386	-1.333	-9.616
13.890	-29.478	-8.566	-61.158	-3.387	-1.333	-9.626
13.900	-29.512	-8.579	-61.255	-3.387	-1.332	-9.636
13.910	-29.545	-8.593	-61.351	-3.387	-1.332	-9.646
13.920	-29.579	-8.606	-61.448	-3.387	-1.332	-9.657
13.930	-29.613	-8.619	-61.544	-3.387	-1.332	-9.667
13.940	-29.647	-8.633	-61.641	-3.387	-1.332	-9.677
13.950	-29.681	-8.646	-61.738	-3.387	-1.332	-9.687
13.960	-29.715	-8.659	-61.835	-3.387	-1.332	-9.697
13.970	-29.749	-8.673	-61.932	-3.387	-1.332	-9.707
13.980	-29.783	-8.686	-62.029	-3.387	-1.332	-9.717
13.990	-29.816	-8.699	-62.126	-3.387	-1.332	-9.727
14.000	-29.850	-8.713	-62.224	-3.388	-1.331	-9.737
14.010	-29.884	-8.726	-62.321	-3.388	-1.331	-9.747
14.020	-29.918	-8.739	-62.419	-3.388	-1.331	-9.757
14.030	-29.952	-8.752	-62.516	-3.388	-1.331	-9.767
14.040	-29.986	-8.766	-62.614	-3.388	-1.331	-9.777
14.050	-30.020	-8.779	-62.712	-3.388	-1.331	-9.787
14.060	-30.054	-8.792	-62.810	-3.388	-1.331	-9.797
14.070	-30.087	-8.806	-62.908	-3.388	-1.331	-9.807
14.080	-30.121	-8.819	-63.006	-3.388	-1.331	-9.817
14.090	-30.155	-8.832	-63.105	-3.388	-1.330	-9.827
14.100	-30.189	-8.846	-63.203	-3.389	-1.330	-9.837
14.110	-30.223	-8.859	-63.301	-3.389	-1.330	-9.847
14.120	-30.257	-8.872	-63.400	-3.389	-1.330	-9.857
14.130	-30.291	-8.886	-63.499	-3.389	-1.330	-9.867
14.140	-30.325	-8.899	-63.597	-3.389	-1.330	-9.877
14.150	-30.359	-8.912	-63.696	-3.389	-1.330	-9.887
14.160	-30.392	-8.925	-63.795	-3.389	-1.330	-9.897
14.170	-30.426	-8.939	-63.894	-3.389	-1.330	-9.907
14.180	-30.460	-8.952	-63.994	-3.389	-1.330	-9.917
14.190	-30.494	-8.965	-64.093	-3.389	-1.329	-9.927
14.200	-30.528	-8.979	-64.192	-3.390	-1.329	-9.937
14.210	-30.562	-8.992	-64.292	-3.390	-1.329	-9.947
14.220	-30.596	-9.005	-64.391	-3.390	-1.329	-9.957
14.230	-30.630	-9.018	-64.491	-3.390	-1.329	-9.967
14.240	-30.664	-9.032	-64.591	-3.390	-1.329	-9.977
14.250	-30.697	-9.045	-64.691	-3.390	-1.329	-9.987
14.260	-30.731	-9.058	-64.790	-3.390	-1.329	-9.997
14.270	-30.765	-9.072	-64.891	-3.390	-1.328	-10.007
14.280	-30.799	-9.085	-64.991	-3.390	-1.328	-10.017
14.290	-30.833	-9.098	-65.091	-3.390	-1.328	-10.028
14.300	-30.867	-9.111	-65.191	-3.391	-1.328	-10.038
14.310	-30.901	-9.125	-65.292	-3.391	-1.328	-10.048
14.320	-30.935	-9.138	-65.392	-3.391	-1.328	-10.058
14.330	-30.969	-9.151	-65.493	-3.391	-1.328	-10.068
14.340	-31.003	-9.165	-65.594	-3.391	-1.328	-10.078
14.350	-31.037	-9.178	-65.695	-3.391	-1.328	-10.088
14.360	-31.070	-9.191	-65.796	-3.391	-1.327	-10.098
14.370	-31.104	-9.204	-65.897	-3.391	-1.327	-10.108
14.380	-31.138	-9.218	-65.998	-3.391	-1.327	-10.118
14.390	-31.172	-9.231	-66.099	-3.391	-1.327	-10.128
14.400	-31.206	-9.244	-66.201	-3.392	-1.327	-10.138
14.410	-31.240	-9.257	-66.302	-3.392	-1.327	-10.148
14.420	-31.274	-9.271	-66.404	-3.392	-1.327	-10.158
14.430	-31.308	-9.284	-66.505	-3.392	-1.327	-10.168
14.440	-31.342	-9.297	-66.607	-3.392	-1.327	-10.178
14.450	-31.376	-9.311	-66.709	-3.392	-1.326	-10.188
14.460	-31.410	-9.324	-66.811	-3.392	-1.326	-10.198
14.470	-31.444	-9.337	-66.913	-3.392	-1.326	-10.208
14.480	-31.477	-9.350	-67.015	-3.392	-1.326	-10.218
14.490	-31.511	-9.364	-67.118	-3.392	-1.326	-10.228
14.500	-31.545	-9.377	-67.220	-3.392	-1.326	-10.238
14.510	-31.579	-9.390	-67.322	-3.393	-1.326	-10.248
14.520	-31.613	-9.403	-67.425	-3.393	-1.326	-10.258
14.530	-31.647	-9.417	-67.528	-3.393	-1.326	-10.268
14.540	-31.681	-9.430	-67.630	-3.393	-1.325	-10.278
14.550	-31.715	-9.443	-67.733	-3.393	-1.325	-10.288
14.560	-31.749	-9.456	-67.836	-3.393	-1.325	-10.298
14.570	-31.783	-9.470	-67.939	-3.393	-1.325	-10.308
14.580	-31.817	-9.483	-68.043	-3.393	-1.325	-10.318
14.590	-31.851	-9.496	-68.146	-3.393	-1.325	-10.328
14.600	-31.885	-9.509	-68.249	-3.393	-1.325	-10.338
14.610	-31.919	-9.523	-68.353	-3.394	-1.325	-10.348
14.620	-31.952	-9.536	-68.456	-3.394	-1.324	-10.358
14.630	-31.986	-9.549	-68.560	-3.394	-1.324	-10.368
14.640	-32.020	-9.562	-68.664	-3.394	-1.324	-10.378
14.650	-32.054	-9.576	-68.768	-3.394	-1.324	-10.388
14.660	-32.088	-9.589	-68.872	-3.394	-1.324	-10.398
14.670	-32.122	-9.602	-68.976	-3.394	-1.324	-10.408
14.680	-32.156	-9.615	-69.080	-3.394	-1.324	-10.418
14.690	-32.190	-9.629	-69.184	-3.394	-1.324	-10.428
14.700	-32.224	-9.642	-69.289	-3.394	-1.324	-10.438
14.710	-32.258	-9.655	-69.393	-3.394	-1.323	-10.449
14.720	-32.292	-9.668	-69.498	-3.395	-1.323	-10.459
14.730	-32.326	-9.681	-69.602	-3.395	-1.323	-10.469
14.740	-32.360	-9.695	-69.707	-3.395	-1.323	-10.479
14.750	-32.394	-9.708	-69.812	-3.395	-1.323	-10.489
14.760	-32.428	-9.721	-69.917	-3.395	-1.323	-10.499
14.770	-32.462	-9.734	-70.022	-3.395	-1.323	-10.509
14.780	-32.496	-9.748	-70.127	-3.395	-1.323	-10.519
14.790	-32.530	-9.761	-70.233	-3.395	-1.322	-10.529
14.800	-32.563	-9.774	-70.338	-3.395	-1.322	-10.539
14.810	-32.597	-9.787	-70.443	-3.395	-1.322	-10.549
14.820	-32.631	-9.801	-70.549	-3.396	-1.322	-10.559
14.830	-32.665	-9.814	-70.655	-3.396	-1.322	-10.569
14.840	-32.699	-9.827	-70.761	-3.396	-1.322	-10.579
14.850	-32.733	-9.840	-70.866	-3.396	-1.322	-10.589
14.860	-32.767	-9.853	-70.972	-3.396	-1.322	-10.599
14.870	-32.801	-9.867	-71.078	-3.396	-1.322	-10.609
14.880	-32.835	-9.880	-71.185	-3.396	-1.321	-10.619
14.890	-32.869	-9.893	-71.291	-3.396	-1.321	-10.629
14.900	-32.903	-9.906	-71.397	-3.396	-1.321	-10.639
14.910	-32.937	-9.919	-71.504	-3.396	-1.321	-10.649
14.920	-32.971	-9.933	-71.610	-3.396	-1.321	-10.659
14.930	-33.005	-9.946	-71.717	-3.396	-1.321	-10.669
14.940	-33.039	-9.959	-71.824	-3.397	-1.321	-10.679
14.950	-33.073	-9.972	-71.931	-3.397	-1.320	-10.689
14.960	-33.107	-9.985	-72.038	-3.397	-1.320	-10.699
14.970	-33.141	-9.999	-72.145	-3.397	-1.320	-10.709
14.980	-33.175	-10.012	-72.252	-3.397	-1.320	-10.719
14.990	-33.209	-10.025	-72.359	-3.397	-1.320	-10.729
15.000	-33.243	-10.038	-72.467	-3.397	-1.320	-10.739
15.010	-33.277	-10.051	-72.574	-3.397	-1.320	-10.749
15.020	-33.311	-10.065	-72.682	-3.397	-1.320	-10.759
15.030	-33.345	-10.078	-72.790	-3.397	-1.319	-10.769
15.040	-33.379	-10.091	-72.897	-3.397	-1.319	-10.779
15.050	-33.413	-10.104	-73.005	-3.398	-1.319	-10.789
15.060	-33.447	-10.117	-73.113	-3.398	-1.319	-10.799
15.070	-33.481	-10.131	-73.221	-3.398	-1.319	-10.809
15.080	-33.515	-10.144	-73.330	-3.398	-1.319	-10.819
15.090	-33.549	-10.157	-73.438	-3.398	-1.319	-10.829
15.100	-33.582	-10.170	-73.546	-3.398	-1.319	-10.840
15.110	-33.616	-10.183	-73.655	-3.398	-1.319	-10.850
15.120	-33.650	-10.197	-73.763	-3.398	-1.318	-10.860
15.130	-33.684	-10.210	-73.872	-3.398	-1.318	-10.870
15.140	-33.718	-10.223	-73.981	-3.398	-1.318	-10.880
15.150	-33.752	-10.236	-74.090	-3.398	-1.318	-10.890
15.160	-33.786	-10.249	-74.199	-3.398	-1.318	-10.900
15.170	-33.820	-10.262	-74.308	-3.399	-1.318	-10.910
15.180	-33.854	-10.276	-74.417	-3.399	-1.318	-10.920
15.190	-33.888	-10.289	-74.526	-3.399	-1.318	-10.930
15.200	-33.922	-10.302	-74.636	-3.399	-1.317	-10.940
15.210	-33.956	-10.315	-74.745	-3.399	-1.317	-10.950
15.220	-33.990	-10.328	-74.855	-3.399	-1.317	-10.960
15.230	-34.024	-10.342	-74.964	-3.399	-1.317	-10.970
15.240	-34.058	-10.355	-75.074	-3.399	-1.317	-10.980
15.250	-34.092	-10.368	-75.184	-3.399	-1.317	-10.990
15.260	-34.126	-10.381	-75.294	-3.399	-1.317	-11.000
15.270	-34.160	-10.394	-75.404	-3.399	-1.317	-11.010
15.280	-34.194	-10.407	-75.514	-3.400	-1.316	-11.020
15.290	-34.228	-10.421	-75.625	-3.400	-1.316	-11.030
