0.020	-0.112	-0.340	0.000
0.020	-0.112	-0.340	0.000
0.030	-0.112	-0.340	-0.000
0.040	-0.112	-0.340	-0.000
0.050	-0.112	-0.340	0.000
0.060	-0.112	-0.340	0.000
0.070	-0.113	-0.340	0.000
0.080	-0.113	-0.340	0.000
0.090	-0.113	-0.340	0.000
0.100	-0.112	-0.340	0.000
0.110	-0.112	-0.340	0.000
0.120	-0.113	-0.340	0.000
0.130	-0.113	-0.340	0.000
0.140	-0.113	-0.340	-0.000
0.150	-0.112	-0.339	0.000
0.160	-0.112	-0.339	0.000
0.170	-0.112	-0.339	0.000
0.180	-0.113	-0.339	0.001
0.190	-0.112	-0.339	0.001
0.200	-0.112	-0.339	0.000
0.210	-0.112	-0.339	0.000
0.220	-0.112	-0.339	0.001
0.230	-0.112	-0.339	0.000
0.240	-0.112	-0.339	0.000
0.250	-0.112	-0.339	0.000
0.260	-0.112	-0.338	0.000
0.270	-0.112	-0.338	0.001
0.280	-0.112	-0.338	0.001
0.290	-0.112	-0.338	0.000
0.300	-0.112	-0.339	0.000
0.310	-0.112	-0.339	0.000
0.320	-0.112	-0.338	0.000
0.330	-0.112	-0.338	0.000
0.340	-0.112	-0.338	-0.000
0.350	-0.113	-0.338	0.000
0.360	-0.112	-0.338	0.000
0.370	-0.112	-0.338	0.000
0.380	-0.112	-0.338	0.001
0.390	-0.113	-0.338	0.001
0.400	-0.113	-0.338	0.001
0.410	-0.113	-0.337	0.001
0.420	-0.113	-0.337	0.001
0.430	-0.113	-0.337	0.001
0.440	-0.113	-0.337	0.002
0.450	-0.113	-0.337	0.002
0.460	-0.113	-0.338	0.002
0.470	-0.113	-0.338	0.002
0.480	-0.113	-0.337	0.002
0.490	-0.113	-0.337	0.002
0.500	-0.113	-0.337	0.001
0.510	-0.113	-0.337	0.002
0.520	-0.113	-0.337	0.002
0.530	-0.113	-0.337	0.002
0.540	-0.113	-0.337	0.002
0.550	-0.114	-0.337	0.002
0.560	-0.113	-0.337	0.002
0.570	-0.113	-0.337	0.002
0.580	-0.113	-0.337	0.002
0.590	-0.113	-0.337	0.002
0.600	-0.113	-0.337	0.002
0.610	-0.113	-0.337	0.001
0.620	-0.113	-0.337	0.001
0.630	-0.113	-0.337	0.002
0.640	-0.114	-0.336	0.001
0.650	-0.114	-0.336	0.001
0.660	-0.114	-0.336	0.001
0.670	-0.114	-0.336	0.001
0.680	-0.114	-0.336	0.001
0.690	-0.114	-0.336	0.001
0.700	-0.114	-0.336	0.001
0.710	-0.114	-0.336	0.001
0.720	-0.114	-0.336	0.001
0.730	-0.114	-0.336	0.001
0.740	-0.115	-0.336	0.001
0.750	-0.115	-0.336	0.001
0.760	-0.115	-0.335	0.001
0.770	-0.115	-0.335	0.001
0.780	-0.115	-0.335	0.001
0.790	-0.116	-0.335	0.001
0.800	-0.116	-0.335	0.001
0.810	-0.116	-0.334	0.001
0.820	-0.116	-0.334	0.001
0.830	-0.116	-0.334	-0.000
0.840	-0.117	-0.334	-0.001
0.850	-0.116	-0.333	-0.002
0.860	-0.116	-0.333	-0.003
0.870	-0.116	-0.333	-0.004
0.880	-0.117	-0.333	-0.005
0.890	-0.117	-0.332	-0.007
0.900	-0.118	-0.332	-0.008
0.910	-0.120	-0.331	-0.009
0.920	-0.121	-0.331	-0.010
0.930	-0.123	-0.330	-0.012
0.940	-0.127	-0.328	-0.013
0.950	-0.132	-0.328	-0.014
0.960	-0.138	-0.330	-0.015
0.970	-0.144	-0.331	-0.017
0.980	-0.151	-0.332	-0.018
0.990	-0.161	-0.334	-0.015
1.000	-0.162	-0.338	-0.012
1.010	-0.164	-0.341	-0.008
1.020	-0.167	-0.343	-0.005
1.030	-0.169	-0.346	-0.003
1.040	-0.171	-0.349	-0.001
1.050	-0.173	-0.353	-0.001
1.060	-0.174	-0.356	-0.000
1.070	-0.174	-0.360	0.003
1.080	-0.174	-0.364	0.005
1.090	-0.174	-0.368	0.007
1.100	-0.174	-0.372	0.010
1.110	-0.174	-0.377	0.012
1.120	-0.175	-0.381	0.014
1.130	-0.175	-0.384	0.018
1.140	-0.176	-0.389	0.023
1.150	-0.175	-0.394	0.028
1.160	-0.173	-0.399	0.034
1.170	-0.172	-0.403	0.042
1.180	-0.171	-0.408	0.049
1.190	-0.168	-0.413	0.052
1.200	-0.164	-0.418	0.055
1.210	-0.159	-0.423	0.058
1.220	-0.154	-0.429	0.062
1.230	-0.149	-0.434	0.066
1.240	-0.144	-0.440	0.070
1.250	-0.139	-0.446	0.074
1.260	-0.134	-0.451	0.078
1.270	-0.129	-0.457	0.081
1.280	-0.123	-0.463	0.084
1.290	-0.115	-0.470	0.087
1.300	-0.107	-0.479	0.091
1.310	-0.098	-0.488	0.093
1.320	-0.090	-0.495	0.094
1.330	-0.082	-0.503	0.095
1.340	-0.074	-0.511	0.097
1.350	-0.065	-0.519	0.100
1.360	-0.057	-0.529	0.103
1.370	-0.049	-0.539	0.107
1.380	-0.039	-0.549	0.110
1.390	-0.030	-0.561	0.110
1.400	-0.021	-0.573	0.109
1.410	-0.013	-0.583	0.109
1.420	-0.005	-0.590	0.110
1.430	0.001	-0.597	0.110
1.440	0.008	-0.603	0.111
1.450	0.016	-0.607	0.115
1.460	0.022	-0.612	0.119
1.470	0.028	-0.616	0.121
1.480	0.033	-0.621	0.121
1.490	0.039	-0.625	0.122
1.500	0.045	-0.629	0.123
1.510	0.050	-0.633	0.123
1.520	0.057	-0.637	0.123
1.530	0.061	-0.641	0.123
1.540	0.064	-0.646	0.123
1.550	0.067	-0.651	0.123
1.560	0.069	-0.657	0.123
1.570	0.071	-0.663	0.123
1.580	0.073	-0.669	0.123
1.590	0.075	-0.675	0.122
1.600	0.077	-0.682	0.124
1.610	0.079	-0.689	0.126
1.620	0.083	-0.696	0.130
1.630	0.086	-0.704	0.134
1.640	0.089	-0.712	0.138
1.650	0.092	-0.720	0.142
1.660	0.095	-0.727	0.145
1.670	0.098	-0.733	0.148
1.680	0.100	-0.739	0.151
1.690	0.103	-0.745	0.152
1.700	0.106	-0.751	0.154
1.710	0.110	-0.758	0.159
1.720	0.115	-0.764	0.163
1.730	0.118	-0.772	0.168
1.740	0.122	-0.780	0.173
1.750	0.124	-0.789	0.178
1.760	0.126	-0.800	0.182
1.770	0.127	-0.811	0.185
1.780	0.129	-0.823	0.187
1.790	0.131	-0.835	0.190
1.800	0.133	-0.847	0.194
1.810	0.136	-0.859	0.198
1.820	0.140	-0.873	0.202
1.830	0.144	-0.887	0.207
1.840	0.148	-0.902	0.211
1.850	0.153	-0.918	0.213
1.860	0.157	-0.933	0.215
1.870	0.161	-0.949	0.215
1.880	0.165	-0.964	0.218
1.890	0.168	-0.979	0.222
1.900	0.170	-0.993	0.230
1.910	0.175	-1.007	0.236
1.920	0.179	-1.022	0.244
1.930	0.183	-1.039	0.254
1.940	0.186	-1.059	0.267
1.950	0.186	-1.078	0.279
1.960	0.190	-1.097	0.288
1.970	0.196	-1.115	0.294
1.980	0.203	-1.134	0.297
1.990	0.210	-1.154	0.300
2.000	0.220	-1.172	0.301
2.010	0.230	-1.190	0.302
2.020	0.240	-1.207	0.303
2.030	0.253	-1.224	0.303
2.040	0.264	-1.243	0.304
2.050	0.273	-1.262	0.308
2.060	0.284	-1.283	0.310
2.070	0.295	-1.304	0.310
2.080	0.305	-1.325	0.313
2.090	0.315	-1.347	0.315
2.100	0.327	-1.367	0.312
2.110	0.342	-1.389	0.307
2.120	0.371	-1.413	0.289
2.130	0.414	-1.437	0.260
2.140	0.470	-1.461	0.220
2.150	0.548	-1.486	0.158
2.160	0.672	-1.511	0.054
2.170	0.885	-1.536	-0.137
2.180	1.387	-1.559	-0.615
2.190	3.569	-1.572	-2.773
2.200	8.165	-1.540	-7.345
2.210	9.339	-1.540	-8.497
2.220	9.888	-1.504	-9.024
2.230	9.850	-1.463	-8.964
2.240	9.856	-1.421	-8.946
2.250	9.872	-1.381	-8.937
2.260	9.886	-1.343	-8.924
2.270	9.896	-1.305	-8.907
2.280	9.906	-1.267	-8.889
2.290	9.916	-1.230	-8.869
2.300	9.926	-1.193	-8.850
2.310	9.936	-1.157	-8.831
2.320	9.947	-1.120	-8.810
2.330	9.958	-1.083	-8.790
2.340	9.970	-1.044	-8.772
2.350	9.984	-1.003	-8.760
2.360	10.001	-0.963	-8.751
2.370	10.017	-0.924	-8.743
2.380	10.033	-0.887	-8.735
2.390	10.052	-0.850	-8.726
2.400	10.071	-0.816	-8.716
2.410	10.090	-0.780	-8.708
2.420	10.109	-0.743	-8.699
2.430	10.129	-0.705	-8.689
2.440	10.150	-0.667	-8.682
2.450	10.174	-0.632	-8.675
2.460	10.196	-0.600	-8.667
2.470	10.218	-0.573	-8.659
2.480	10.238	-0.549	-8.651
2.490	10.254	-0.529	-8.642
2.500	10.269	-0.512	-8.634
2.510	10.283	-0.498	-8.626
2.520	10.299	-0.486	-8.619
2.530	10.315	-0.476	-8.615
2.540	10.331	-0.466	-8.612
2.550	10.346	-0.457	-8.611
2.560	10.359	-0.449	-8.609
2.570	10.372	-0.443	-8.606
2.580	10.387	-0.437	-8.602
2.590	10.405	-0.432	-8.600
2.600	10.426	-0.428	-8.598
2.610	10.451	-0.427	-8.597
2.620	10.473	-0.423	-8.595
2.630	10.493	-0.419	-8.592
2.640	10.514	-0.413	-8.590
2.650	10.537	-0.408	-8.588
2.660	10.561	-0.404	-8.589
2.670	10.583	-0.402	-8.588
2.680	10.602	-0.400	-8.586
2.690	10.620	-0.400	-8.582
2.700	10.637	-0.399	-8.580
2.710	10.654	-0.398	-8.580
2.720	10.673	-0.401	-8.582
2.730	10.695	-0.407	-8.585
2.740	10.719	-0.416	-8.591
2.750	10.744	-0.426	-8.598
2.760	10.771	-0.435	-8.607
2.770	10.796	-0.442	-8.614
2.780	10.815	-0.448	-8.619
2.790	10.830	-0.451	-8.622
2.800	10.847	-0.451	-8.627
2.810	10.868	-0.453	-8.637
2.820	10.893	-0.456	-8.649
2.830	10.921	-0.458	-8.664
2.840	10.954	-0.462	-8.681
2.850	10.989	-0.467	-8.698
2.860	11.016	-0.471	-8.710
2.870	11.032	-0.473	-8.717
2.880	11.046	-0.475	-8.721
2.890	11.058	-0.478	-8.725
2.900	11.070	-0.482	-8.733
2.910	11.083	-0.487	-8.743
2.920	11.096	-0.491	-8.754
2.930	11.110	-0.493	-8.766
2.940	11.126	-0.495	-8.782
2.950	11.144	-0.499	-8.801
2.960	11.163	-0.506	-8.821
2.970	11.181	-0.516	-8.840
2.980	11.196	-0.528	-8.857
2.990	11.206	-0.541	-8.872
3.000	11.215	-0.552	-8.887
3.010	11.221	-0.562	-8.900
3.020	11.226	-0.567	-8.914
3.030	11.234	-0.570	-8.932
3.040	11.243	-0.570	-8.955
3.050	11.258	-0.572	-8.982
3.060	11.277	-0.580	-9.012
3.070	11.301	-0.591	-9.046
3.080	11.321	-0.607	-9.080
3.090	11.337	-0.622	-9.115
3.100	11.345	-0.637	-9.147
3.110	11.347	-0.650	-9.175
3.120	11.350	-0.662	-9.201
3.130	11.354	-0.672	-9.225
3.140	11.360	-0.679	-9.249
3.150	11.370	-0.685	-9.281
3.160	11.386	-0.693	-9.320
3.170	11.406	-0.705	-9.367
3.180	11.426	-0.719	-9.414
3.190	11.447	-0.732	-9.459
3.200	11.465	-0.744	-9.497
3.210	11.475	-0.754	-9.526
3.220	11.479	-0.763	-9.546
3.230	11.484	-0.772	-9.564
3.240	11.493	-0.779	-9.584
3.250	11.506	-0.783	-9.609
3.260	11.521	-0.787	-9.636
3.270	11.541	-0.792	-9.668
3.280	11.564	-0.798	-9.705
3.290	11.589	-0.804	-9.743
3.300	11.614	-0.810	-9.781
3.310	11.638	-0.816	-9.818
3.320	11.661	-0.821	-9.853
3.330	11.680	-0.827	-9.885
3.340	11.698	-0.833	-9.916
3.350	11.719	-0.839	-9.948
3.360	11.745	-0.844	-9.983
3.370	11.771	-0.848	-10.021
3.380	11.797	-0.849	-10.060
3.390	11.825	-0.848	-10.101
3.400	11.857	-0.845	-10.145
3.410	11.890	-0.841	-10.191
3.420	11.924	-0.836	-10.239
3.430	11.956	-0.831	-10.284
3.440	11.985	-0.828	-10.322
3.450	12.010	-0.826	-10.356
3.460	12.038	-0.824	-10.391
3.470	12.066	-0.824	-10.426
3.480	12.090	-0.827	-10.458
3.490	12.111	-0.829	-10.487
3.500	12.134	-0.826	-10.517
3.510	12.159	-0.818	-10.552
3.520	12.187	-0.810	-10.590
3.530	12.216	-0.801	-10.629
3.540	12.245	-0.788	-10.670
3.550	12.274	-0.773	-10.713
3.560	12.304	-0.757	-10.755
3.570	12.331	-0.742	-10.793
3.580	12.352	-0.728	-10.824
3.590	12.365	-0.715	-10.847
3.600	12.372	-0.705	-10.866
3.610	12.377	-0.698	-10.881
3.620	12.381	-0.691	-10.896
3.630	12.387	-0.685	-10.913
3.640	12.396	-0.675	-10.933
3.650	12.410	-0.662	-10.957
3.660	12.426	-0.647	-10.983
3.670	12.442	-0.632	-11.009
3.680	12.457	-0.617	-11.031
3.690	12.469	-0.604	-11.051
3.700	12.478	-0.593	-11.068
3.710	12.484	-0.585	-11.085
3.720	12.490	-0.578	-11.101
3.730	12.497	-0.570	-11.118
3.740	12.505	-0.561	-11.137
3.750	12.514	-0.551	-11.158
3.760	12.526	-0.541	-11.179
3.770	12.537	-0.528	-11.200
3.780	12.546	-0.515	-11.220
3.790	12.556	-0.503	-11.238
3.800	12.565	-0.492	-11.255
3.810	12.573	-0.481	-11.271
3.820	12.578	-0.471	-11.285
3.830	12.583	-0.462	-11.299
3.840	12.588	-0.452	-11.314
3.850	12.593	-0.441	-11.328
3.860	12.600	-0.428	-11.344
3.870	12.605	-0.416	-11.359
3.880	12.609	-0.405	-11.373
3.890	12.614	-0.396	-11.385
3.900	12.618	-0.388	-11.396
3.910	12.622	-0.382	-11.405
3.920	12.624	-0.376	-11.414
3.930	12.626	-0.369	-11.423
3.940	12.630	-0.362	-11.433
3.950	12.634	-0.354	-11.444
3.960	12.640	-0.345	-11.456
3.970	12.646	-0.334	-11.469
3.980	12.650	-0.324	-11.483
3.990	12.653	-0.314	-11.495
4.000	12.655	-0.306	-11.507
4.010	12.656	-0.300	-11.518
4.020	12.657	-0.293	-11.528
4.030	12.658	-0.287	-11.537
4.040	12.659	-0.279	-11.548
4.050	12.662	-0.270	-11.560
4.060	12.666	-0.258	-11.574
4.070	12.671	-0.245	-11.590
4.080	12.675	-0.232	-11.606
4.090	12.679	-0.220	-11.621
4.100	12.682	-0.211	-11.634
4.110	12.683	-0.204	-11.647
4.120	12.684	-0.198	-11.659
4.130	12.683	-0.192	-11.670
4.140	12.683	-0.185	-11.683
4.150	12.683	-0.177	-11.697
4.160	12.683	-0.169	-11.712
4.170	12.684	-0.160	-11.726
4.180	12.687	-0.151	-11.742
4.190	12.690	-0.144	-11.757
4.200	12.691	-0.138	-11.772
4.210	12.692	-0.135	-11.786
4.220	12.692	-0.133	-11.798
4.230	12.692	-0.130	-11.811
4.240	12.694	-0.124	-11.824
4.250	12.696	-0.117	-11.839
4.260	12.700	-0.106	-11.854
4.270	12.704	-0.094	-11.870
4.280	12.708	-0.081	-11.886
4.290	12.712	-0.068	-11.903
4.300	12.715	-0.058	-11.919
4.310	12.718	-0.049	-11.935
4.320	12.721	-0.041	-11.950
4.330	12.724	-0.032	-11.964
4.340	12.726	-0.024	-11.977
4.350	12.729	-0.015	-11.990
4.360	12.731	-0.007	-12.004
4.370	12.732	0.001	-12.019
4.380	12.732	0.008	-12.033
4.390	12.732	0.014	-12.048
4.400	12.730	0.020	-12.064
4.410	12.729	0.025	-12.081
4.420	12.730	0.031	-12.098
4.430	12.730	0.037	-12.114
4.440	12.730	0.043	-12.129
4.450	12.728	0.046	-12.144
4.460	12.726	0.049	-12.157
4.470	12.723	0.049	-12.170
4.480	12.720	0.048	-12.183
4.490	12.717	0.047	-12.195
4.500	12.714	0.046	-12.209
4.510	12.710	0.046	-12.222
4.520	12.704	0.044	-12.236
4.530	12.698	0.043	-12.251
4.540	12.692	0.040	-12.266
4.550	12.686	0.037	-12.280
4.560	12.680	0.033	-12.295
4.570	12.675	0.029	-12.311
4.580	12.671	0.024	-12.325
4.590	12.666	0.020	-12.337
4.600	12.662	0.015	-12.348
4.610	12.659	0.010	-12.358
4.620	12.656	0.003	-12.367
4.630	12.653	-0.003	-12.377
4.640	12.649	-0.009	-12.386
4.650	12.645	-0.016	-12.396
4.660	12.641	-0.024	-12.406
4.670	12.638	-0.031	-12.416
4.680	12.637	-0.038	-12.426
4.690	12.637	-0.044	-12.436
4.700	12.637	-0.050	-12.446
4.710	12.639	-0.059	-12.456
4.720	12.642	-0.068	-12.464
4.730	12.645	-0.078	-12.471
4.740	12.648	-0.089	-12.477
4.750	12.650	-0.099	-12.482
4.760	12.653	-0.110	-12.487
4.770	12.656	-0.120	-12.490
4.780	12.660	-0.130	-12.493
4.790	12.664	-0.142	-12.496
4.800	12.668	-0.154	-12.500
4.810	12.672	-0.167	-12.505
4.820	12.676	-0.181	-12.509
4.830	12.681	-0.195	-12.513
4.840	12.686	-0.208	-12.515
4.850	12.693	-0.219	-12.517
4.860	12.701	-0.231	-12.519
4.870	12.708	-0.242	-12.520
4.880	12.715	-0.254	-12.519
4.890	12.720	-0.267	-12.519
4.900	12.727	-0.280	-12.521
4.910	12.733	-0.294	-12.524
4.920	12.740	-0.308	-12.527
4.930	12.747	-0.323	-12.529
4.940	12.755	-0.338	-12.530
4.950	12.764	-0.353	-12.530
4.960	12.775	-0.369	-12.529
4.970	12.786	-0.385	-12.529
4.980	12.797	-0.400	-12.530
4.990	12.807	-0.414	-12.532
5.000	12.815	-0.427	-12.532
5.010	12.822	-0.439	-12.533
5.020	12.828	-0.452	-12.533
5.030	12.834	-0.463	-12.532
5.040	12.839	-0.473	-12.532
5.050	12.845	-0.484	-12.531
5.060	12.852	-0.494	-12.529
5.070	12.859	-0.505	-12.525
5.080	12.868	-0.517	-12.520
5.090	12.877	-0.530	-12.514
5.100	12.888	-0.546	-12.506
5.110	12.900	-0.562	-12.498
5.120	12.911	-0.578	-12.489
5.130	12.922	-0.592	-12.482
5.140	12.931	-0.605	-12.475
5.150	12.941	-0.614	-12.469
5.160	12.952	-0.621	-12.464
5.170	12.962	-0.628	-12.460
5.180	12.975	-0.635	-12.456
5.190	12.989	-0.642	-12.452
5.200	13.005	-0.649	-12.447
5.210	13.024	-0.657	-12.440
5.220	13.045	-0.666	-12.432
5.230	13.066	-0.676	-12.423
5.240	13.088	-0.688	-12.413
5.250	13.109	-0.700	-12.401
5.260	13.127	-0.711	-12.390
5.270	13.141	-0.719	-12.380
5.280	13.157	-0.725	-12.372
5.290	13.170	-0.732	-12.363
5.300	13.184	-0.737	-12.354
5.310	13.199	-0.743	-12.345
5.320	13.215	-0.749	-12.336
5.330	13.233	-0.755	-12.324
5.340	13.252	-0.761	-12.310
5.350	13.272	-0.768	-12.294
5.360	13.288	-0.776	-12.276
5.370	13.299	-0.786	-12.257
5.380	13.304	-0.795	-12.236
5.390	13.306	-0.805	-12.215
5.400	13.310	-0.813	-12.194
5.410	13.315	-0.819	-12.173
5.420	13.318	-0.825	-12.152
5.430	13.321	-0.830	-12.128
5.440	13.325	-0.834	-12.104
5.450	13.326	-0.836	-12.079
5.460	13.320	-0.841	-12.054
5.470	13.311	-0.848	-12.030
5.480	13.300	-0.855	-12.006
5.490	13.291	-0.862	-11.982
5.500	13.287	-0.870	-11.958
5.510	13.280	-0.876	-11.929
5.520	13.278	-0.882	-11.904
5.530	13.284	-0.887	-11.883
5.540	13.296	-0.891	-11.865
5.550	13.307	-0.896	-11.846
5.560	13.316	-0.900	-11.824
5.570	13.320	-0.905	-11.798
5.580	13.321	-0.911	-11.770
5.590	13.320	-0.917	-11.742
5.600	13.318	-0.922	-11.710
5.610	13.317	-0.926	-11.676
5.620	13.314	-0.929	-11.637
5.630	13.309	-0.927	-11.592
5.640	13.299	-0.922	-11.547
5.650	13.288	-0.917	-11.509
5.660	13.282	-0.911	-11.477
5.670	13.273	-0.908	-11.448
5.680	13.262	-0.906	-11.420
5.690	13.250	-0.906	-11.394
5.700	13.234	-0.905	-11.367
5.710	13.217	-0.903	-11.336
5.720	13.197	-0.898	-11.302
5.730	13.177	-0.892	-11.266
5.740	13.161	-0.883	-11.229
5.750	13.150	-0.873	-11.195
5.760	13.142	-0.864	-11.163
5.770	13.134	-0.856	-11.134
5.780	13.129	-0.849	-11.109
5.790	13.127	-0.843	-11.086
5.800	13.124	-0.837	-11.066
5.810	13.121	-0.831	-11.046
5.820	13.117	-0.823	-11.026
5.830	13.111	-0.814	-11.002
5.840	13.105	-0.803	-10.977
5.850	13.101	-0.791	-10.953
5.860	13.096	-0.779	-10.930
5.870	13.092	-0.767	-10.907
5.880	13.089	-0.756	-10.887
5.890	13.085	-0.747	-10.866
5.900	13.082	-0.740	-10.845
5.910	13.078	-0.734	-10.825
5.920	13.073	-0.728	-10.802
5.930	13.067	-0.723	-10.779
5.940	13.059	-0.716	-10.755
5.950	13.050	-0.709	-10.731
5.960	13.038	-0.702	-10.705
5.970	13.025	-0.695	-10.679
5.980	13.011	-0.688	-10.651
5.990	12.997	-0.681	-10.623
6.000	12.980	-0.674	-10.594
6.010	12.959	-0.666	-10.564
6.020	12.942	-0.657	-10.535
6.030	12.925	-0.647	-10.505
6.040	12.908	-0.636	-10.476
6.050	12.894	-0.625	-10.447
6.060	12.877	-0.613	-10.418
6.070	12.858	-0.600	-10.387
6.080	12.839	-0.587	-10.358
6.090	12.820	-0.575	-10.329
6.100	12.803	-0.563	-10.300
6.110	12.788	-0.551	-10.273
6.120	12.772	-0.539	-10.247
6.130	12.758	-0.526	-10.222
6.140	12.747	-0.510	-10.200
6.150	12.739	-0.494	-10.180
6.160	12.729	-0.479	-10.159
6.170	12.717	-0.465	-10.139
6.180	12.706	-0.452	-10.120
6.190	12.697	-0.439	-10.103
6.200	12.692	-0.428	-10.088
6.210	12.686	-0.417	-10.074
6.220	12.681	-0.407	-10.061
6.230	12.676	-0.395	-10.048
6.240	12.669	-0.383	-10.036
6.250	12.662	-0.372	-10.026
6.260	12.653	-0.363	-10.017
6.270	12.644	-0.356	-10.010
6.280	12.635	-0.350	-10.002
6.290	12.626	-0.344	-9.995
6.300	12.618	-0.340	-9.988
6.310	12.612	-0.336	-9.983
6.320	12.607	-0.333	-9.978
6.330	12.604	-0.331	-9.975
6.340	12.601	-0.330	-9.973
6.350	12.599	-0.329	-9.972
6.360	12.600	-0.328	-9.973
6.370	12.601	-0.327	-9.973
6.380	12.600	-0.326	-9.972
6.390	12.599	-0.324	-9.970
6.400	12.599	-0.322	-9.968
6.410	12.599	-0.319	-9.966
6.420	12.600	-0.315	-9.965
6.430	12.602	-0.312	-9.965
6.440	12.604	-0.309	-9.966
6.450	12.609	-0.307	-9.968
6.460	12.611	-0.304	-9.968
6.470	12.615	-0.300	-9.970
6.480	12.618	-0.296	-9.971
6.490	12.620	-0.292	-9.972
6.500	12.622	-0.288	-9.973
6.510	12.625	-0.283	-9.974
6.520	12.629	-0.279	-9.976
6.530	12.634	-0.276	-9.979
6.540	12.641	-0.273	-9.982
6.550	12.646	-0.270	-9.984
6.560	12.652	-0.265	-9.986
6.570	12.658	-0.259	-9.989
6.580	12.663	-0.254	-9.991
6.590	12.668	-0.249	-9.993
6.600	12.671	-0.243	-9.994
6.610	12.675	-0.237	-9.996
6.620	12.680	-0.232	-9.999
6.630	12.686	-0.228	-10.003
6.640	12.695	-0.224	-10.008
6.650	12.704	-0.221	-10.013
6.660	12.712	-0.218	-10.019
6.670	12.721	-0.215	-10.025
6.680	12.731	-0.211	-10.032
6.690	12.740	-0.205	-10.038
6.700	12.748	-0.199	-10.044
6.710	12.754	-0.193	-10.050
6.720	12.761	-0.186	-10.056
6.730	12.768	-0.179	-10.065
6.740	12.778	-0.174	-10.074
6.750	12.789	-0.169	-10.081
6.760	12.800	-0.163	-10.088
6.770	12.812	-0.158	-10.094
6.780	12.825	-0.152	-10.102
6.790	12.839	-0.146	-10.111
6.800	12.853	-0.140	-10.121
6.810	12.866	-0.136	-10.132
6.820	12.879	-0.130	-10.146
6.830	12.893	-0.124	-10.163
6.840	12.909	-0.118	-10.180
6.850	12.924	-0.113	-10.196
6.860	12.937	-0.108	-10.212
6.870	12.948	-0.104	-10.225
6.880	12.957	-0.100	-10.237
6.890	12.966	-0.096	-10.251
6.900	12.974	-0.092	-10.265
6.910	12.982	-0.087	-10.281
6.920	12.990	-0.082	-10.300
6.930	13.000	-0.076	-10.322
6.940	13.013	-0.071	-10.347
6.950	13.028	-0.066	-10.371
6.960	13.041	-0.064	-10.394
6.970	13.054	-0.062	-10.414
6.980	13.068	-0.057	-10.433
6.990	13.082	-0.051	-10.453
7.000	13.094	-0.046	-10.474
7.010	13.105	-0.041	-10.495
7.020	13.115	-0.035	-10.514
7.030	13.125	-0.028	-10.537
7.040	13.136	-0.022	-10.563
7.050	13.147	-0.016	-10.591
7.060	13.160	-0.011	-10.619
7.070	13.172	-0.008	-10.642
7.080	13.181	-0.008	-10.660
7.090	13.188	-0.010	-10.678
7.100	13.196	-0.012	-10.698
7.110	13.204	-0.016	-10.719
7.120	13.212	-0.019	-10.743
7.130	13.221	-0.022	-10.770
7.140	13.230	-0.024	-10.800
7.150	13.239	-0.027	-10.830
7.160	13.249	-0.028	-10.856
7.170	13.257	-0.030	-10.878
7.180	13.264	-0.032	-10.898
7.190	13.270	-0.035	-10.917
7.200	13.274	-0.040	-10.935
7.210	13.277	-0.045	-10.955
7.220	13.278	-0.048	-10.977
7.230	13.279	-0.052	-11.002
7.240	13.279	-0.057	-11.028
7.250	13.280	-0.060	-11.053
7.260	13.284	-0.062	-11.075
7.270	13.289	-0.064	-11.096
7.280	13.289	-0.067	-11.117
7.290	13.287	-0.069	-11.135
7.300	13.284	-0.072	-11.152
7.310	13.282	-0.074	-11.169
7.320	13.281	-0.074	-11.187
7.330	13.280	-0.074	-11.207
7.340	13.281	-0.071	-11.227
7.350	13.287	-0.066	-11.248
7.360	13.298	-0.059	-11.269
7.370	13.307	-0.054	-11.290
7.380	13.312	-0.051	-11.312
7.390	13.316	-0.049	-11.334
7.400	13.318	-0.049	-11.357
7.410	13.317	-0.049	-11.381
7.420	13.314	-0.051	-11.406
7.430	13.311	-0.052	-11.433
7.440	13.310	-0.051	-11.460
7.450	13.313	-0.049	-11.487
7.460	13.316	-0.045	-11.515
7.470	13.317	-0.042	-11.542
7.480	13.317	-0.039	-11.567
7.490	13.316	-0.035	-11.590
7.500	13.315	-0.030	-11.612
7.510	13.312	-0.024	-11.635
7.520	13.307	-0.020	-11.660
7.530	13.302	-0.015	-11.686
7.540	13.295	-0.012	-11.713
7.550	13.288	-0.008	-11.740
7.560	13.280	-0.006	-11.767
7.570	13.271	-0.004	-11.796
7.580	13.261	-0.002	-11.826
7.590	13.253	-0.001	-11.857
7.600	13.244	-0.001	-11.887
7.610	13.234	-0.003	-11.919
7.620	13.224	-0.004	-11.951
7.630	13.217	-0.006	-11.983
7.640	13.210	-0.007	-12.010
7.650	13.204	-0.009	-12.036
7.660	13.196	-0.012	-12.060
7.670	13.189	-0.018	-12.083
7.680	13.181	-0.025	-12.103
7.690	13.171	-0.032	-12.124
7.700	13.159	-0.039	-12.146
7.710	13.147	-0.047	-12.169
7.720	13.138	-0.055	-12.193
7.730	13.130	-0.062	-12.217
7.740	13.121	-0.070	-12.238
7.750	13.114	-0.078	-12.257
7.760	13.107	-0.087	-12.274
7.770	13.098	-0.096	-12.289
7.780	13.089	-0.105	-12.304
7.790	13.079	-0.114	-12.320
7.800	13.067	-0.122	-12.337
7.810	13.055	-0.128	-12.356
7.820	13.041	-0.133	-12.375
7.830	13.025	-0.137	-12.394
7.840	13.007	-0.142	-12.415
7.850	12.987	-0.149	-12.434
7.860	12.968	-0.157	-12.452
7.870	12.951	-0.166	-12.465
7.880	12.935	-0.174	-12.475
7.890	12.919	-0.185	-12.481
7.900	12.902	-0.196	-12.487
7.910	12.881	-0.206	-12.493
7.920	12.858	-0.217	-12.498
7.930	12.834	-0.227	-12.504
7.940	12.810	-0.236	-12.511
7.950	12.785	-0.244	-12.517
7.960	12.761	-0.252	-12.520
7.970	12.740	-0.261	-12.518
7.980	12.719	-0.272	-12.514
7.990	12.696	-0.285	-12.511
8.000	12.669	-0.300	-12.511
8.010	12.641	-0.317	-12.513
8.020	12.611	-0.335	-12.517
8.030	12.582	-0.351	-12.519
8.040	12.555	-0.365	-12.522
8.050	12.534	-0.377	-12.521
8.060	12.513	-0.386	-12.515
8.070	12.492	-0.393	-12.506
8.080	12.473	-0.398	-12.495
8.090	12.452	-0.401	-12.484
8.100	12.432	-0.405	-12.471
8.110	12.410	-0.409	-12.455
8.120	12.390	-0.415	-12.439
8.130	12.364	-0.422	-12.427
8.140	12.336	-0.432	-12.416
8.150	12.306	-0.443	-12.403
8.160	12.271	-0.455	-12.385
8.170	12.235	-0.465	-12.364
8.180	12.202	-0.470	-12.342
8.190	12.174	-0.469	-12.319
8.200	12.152	-0.464	-12.301
8.210	12.133	-0.457	-12.289
8.220	12.116	-0.453	-12.285
8.230	12.096	-0.450	-12.283
8.240	12.071	-0.450	-12.284
8.250	12.041	-0.451	-12.282
8.260	12.006	-0.453	-12.276
8.270	11.969	-0.451	-12.262
8.280	11.933	-0.447	-12.242
8.290	11.903	-0.441	-12.223
8.300	11.884	-0.433	-12.210
8.310	11.873	-0.425	-12.204
8.320	11.862	-0.419	-12.205
8.330	11.848	-0.416	-12.209
8.340	11.834	-0.413	-12.214
8.350	11.815	-0.410	-12.219
8.360	11.790	-0.407	-12.220
8.370	11.763	-0.402	-12.215
8.380	11.739	-0.395	-12.207
8.390	11.718	-0.387	-12.201
8.400	11.698	-0.379	-12.195
8.410	11.679	-0.372	-12.192
8.420	11.661	-0.370	-12.193
8.430	11.645	-0.370	-12.197
8.440	11.629	-0.371	-12.201
8.450	11.608	-0.372	-12.204
8.460	11.584	-0.372	-12.205
8.470	11.557	-0.371	-12.205
8.480	11.529	-0.369	-12.205
8.490	11.502	-0.366	-12.205
8.500	11.481	-0.363	-12.206
8.510	11.464	-0.359	-12.209
8.520	11.448	-0.357	-12.215
8.530	11.430	-0.357	-12.220
8.540	11.414	-0.359	-12.225
8.550	11.393	-0.362	-12.231
8.560	11.375	-0.366	-12.237
8.570	11.358	-0.371	-12.241
8.580	11.342	-0.375	-12.245
8.590	11.326	-0.377	-12.249
8.600	11.314	-0.378	-12.252
8.610	11.300	-0.378	-12.254
8.620	11.287	-0.375	-12.256
8.630	11.270	-0.373	-12.260
8.640	11.253	-0.372	-12.265
8.650	11.235	-0.371	-12.270
8.660	11.219	-0.371	-12.275
8.670	11.206	-0.373	-12.282
8.680	11.194	-0.376	-12.288
8.690	11.187	-0.379	-12.295
8.700	11.180	-0.382	-12.300
8.710	11.167	-0.385	-12.306
8.720	11.152	-0.389	-12.310
8.730	11.137	-0.392	-12.314
8.740	11.120	-0.396	-12.315
8.750	11.102	-0.403	-12.312
8.760	11.080	-0.410	-12.308
8.770	11.058	-0.415	-12.305
8.780	11.035	-0.420	-12.301
8.790	11.013	-0.423	-12.298
8.800	10.995	-0.427	-12.297
8.810	10.978	-0.428	-12.296
8.820	10.961	-0.428	-12.295
8.830	10.942	-0.427	-12.292
8.840	10.928	-0.427	-12.289
8.850	10.909	-0.428	-12.287
8.860	10.888	-0.431	-12.283
8.870	10.870	-0.433	-12.279
8.880	10.858	-0.435	-12.275
8.890	10.850	-0.439	-12.272
8.900	10.846	-0.442	-12.269
8.910	10.845	-0.446	-12.265
8.920	10.845	-0.451	-12.261
8.930	10.844	-0.455	-12.258
8.940	10.841	-0.459	-12.253
8.950	10.837	-0.463	-12.247
8.960	10.832	-0.466	-12.240
8.970	10.822	-0.469	-12.232
8.980	10.810	-0.471	-12.223
8.990	10.799	-0.472	-12.215
9.000	10.792	-0.471	-12.208
9.010	10.788	-0.469	-12.204
9.020	10.786	-0.467	-12.200
9.030	10.786	-0.465	-12.198
9.040	10.785	-0.463	-12.195
9.050	10.781	-0.463	-12.190
9.060	10.773	-0.464	-12.183
9.070	10.764	-0.464	-12.175
9.080	10.751	-0.464	-12.164
9.090	10.735	-0.464	-12.152
9.100	10.721	-0.464	-12.139
9.110	10.713	-0.464	-12.126
9.120	10.711	-0.464	-12.117
9.130	10.711	-0.464	-12.109
9.140	10.712	-0.466	-12.099
9.150	10.715	-0.469	-12.088
9.160	10.720	-0.472	-12.074
9.170	10.731	-0.475	-12.061
9.180	10.749	-0.476	-12.048
9.190	10.769	-0.475	-12.036
9.200	10.786	-0.473	-12.023
9.210	10.797	-0.469	-12.012
9.220	10.808	-0.466	-12.002
9.230	10.825	-0.465	-11.993
9.240	10.842	-0.465	-11.985
9.250	10.856	-0.466	-11.978
9.260	10.871	-0.467	-11.970
9.270	10.890	-0.468	-11.962
9.280	10.914	-0.468	-11.955
9.290	10.943	-0.467	-11.948
9.300	10.978	-0.465	-11.941
9.310	11.020	-0.464	-11.934
9.320	11.064	-0.464	-11.928
9.330	11.101	-0.466	-11.923
9.340	11.128	-0.470	-11.918
9.350	11.153	-0.473	-11.911
9.360	11.178	-0.475	-11.903
9.370	11.205	-0.475	-11.895
9.380	11.233	-0.472	-11.887
9.390	11.259	-0.468	-11.879
9.400	11.290	-0.467	-11.874
9.410	11.325	-0.470	-11.873
9.420	11.357	-0.474	-11.873
9.430	11.381	-0.476	-11.871
9.440	11.400	-0.478	-11.866
9.450	11.418	-0.480	-11.858
9.460	11.438	-0.481	-11.850
9.470	11.459	-0.478	-11.841
9.480	11.483	-0.473	-11.831
9.490	11.512	-0.472	-11.824
9.500	11.548	-0.478	-11.820
9.510	11.586	-0.482	-11.824
9.520	11.618	-0.480	-11.827
9.530	11.645	-0.477	-11.826
9.540	11.672	-0.475	-11.822
9.550	11.695	-0.471	-11.816
9.560	11.718	-0.466	-11.809
9.570	11.744	-0.464	-11.804
9.580	11.770	-0.465	-11.803
9.590	11.797	-0.465	-11.806
9.600	11.822	-0.462	-11.809
9.610	11.847	-0.459	-11.812
9.620	11.873	-0.455	-11.815
9.630	11.901	-0.451	-11.817
9.640	11.929	-0.443	-11.818
9.650	11.961	-0.433	-11.818
9.660	11.993	-0.424	-11.822
9.670	12.024	-0.416	-11.829
9.680	12.052	-0.410	-11.836
9.690	12.076	-0.405	-11.839
9.700	12.099	-0.402	-11.838
9.710	12.123	-0.399	-11.834
9.720	12.149	-0.393	-11.826
9.730	12.182	-0.386	-11.815
9.740	12.217	-0.381	-11.810
9.750	12.251	-0.377	-11.811
9.760	12.283	-0.373	-11.814
9.770	12.314	-0.368	-11.818
9.780	12.344	-0.363	-11.823
9.790	12.371	-0.360	-11.825
9.800	12.400	-0.358	-11.826
9.810	12.433	-0.355	-11.824
9.820	12.468	-0.352	-11.820
9.830	12.507	-0.351	-11.817
9.840	12.547	-0.350	-11.817
9.850	12.586	-0.348	-11.819
9.860	12.623	-0.345	-11.823
9.870	12.654	-0.341	-11.827
9.880	12.684	-0.338	-11.831
9.890	12.711	-0.335	-11.831
9.900	12.741	-0.332	-11.830
9.910	12.772	-0.329	-11.828
9.920	12.803	-0.328	-11.827
9.930	12.835	-0.327	-11.828
9.940	12.860	-0.326	-11.829
9.950	12.879	-0.323	-11.829
9.960	12.895	-0.320	-11.830
9.970	12.908	-0.317	-11.830
9.980	12.924	-0.313	-11.829
9.990	12.942	-0.308	-11.827
10.000	12.964	-0.303	-11.828
10.010	12.987	-0.298	-11.830
10.020	13.004	-0.295	-11.833
10.030	13.018	-0.294	-11.835
10.040	13.028	-0.292	-11.836
10.050	13.035	-0.291	-11.837
10.060	13.043	-0.290	-11.837
10.070	13.051	-0.290	-11.835
10.080	13.066	-0.289	-11.835
10.090	13.084	-0.286	-11.838
10.100	13.101	-0.284	-11.842
10.110	13.118	-0.282	-11.844
10.120	13.129	-0.281	-11.844
10.130	13.141	-0.279	-11.845
10.140	13.152	-0.277	-11.845
10.150	13.161	-0.275	-11.843
10.160	13.174	-0.273	-11.842
10.170	13.188	-0.270	-11.842
10.180	13.204	-0.267	-11.843
10.190	13.220	-0.266	-11.845
10.200	13.234	-0.265	-11.846
10.210	13.246	-0.266	-11.845
10.220	13.258	-0.266	-11.843
10.230	13.268	-0.266	-11.840
10.240	13.276	-0.266	-11.838
10.250	13.285	-0.265	-11.837
10.260	13.294	-0.264	-11.837
10.270	13.306	-0.263	-11.838
10.280	13.323	-0.261	-11.841
10.290	13.339	-0.260	-11.844
10.300	13.354	-0.260	-11.846
10.310	13.366	-0.262	-11.847
10.320	13.371	-0.262	-11.845
10.330	13.375	-0.262	-11.845
10.340	13.380	-0.261	-11.846
10.350	13.387	-0.259	-11.849
10.360	13.393	-0.257	-11.853
10.370	13.398	-0.255	-11.857
10.380	13.404	-0.253	-11.860
10.390	13.411	-0.251	-11.863
10.400	13.414	-0.249	-11.865
10.410	13.416	-0.248	-11.867
10.420	13.415	-0.247	-11.867
10.430	13.413	-0.246	-11.867
10.440	13.410	-0.246	-11.867
10.450	13.407	-0.246	-11.868
10.460	13.403	-0.245	-11.869
10.470	13.401	-0.244	-11.872
10.480	13.399	-0.242	-11.875
10.490	13.397	-0.239	-11.879
10.500	13.395	-0.236	-11.883
10.510	13.393	-0.233	-11.887
10.520	13.391	-0.230	-11.892
10.530	13.387	-0.227	-11.896
10.540	13.381	-0.224	-11.898
10.550	13.371	-0.221	-11.901
10.560	13.360	-0.219	-11.905
10.570	13.349	-0.217	-11.910
10.580	13.341	-0.214	-11.915
10.590	13.333	-0.210	-11.920
10.600	13.327	-0.206	-11.926
10.610	13.322	-0.202	-11.932
10.620	13.319	-0.198	-11.938
10.630	13.316	-0.194	-11.945
10.640	13.313	-0.190	-11.951
10.650	13.308	-0.187	-11.957
10.660	13.302	-0.184	-11.962
10.670	13.293	-0.181	-11.968
10.680	13.281	-0.178	-11.973
10.690	13.270	-0.175	-11.981
10.700	13.257	-0.173	-11.988
10.710	13.243	-0.171	-11.995
10.720	13.228	-0.170	-12.001
10.730	13.214	-0.168	-12.007
10.740	13.200	-0.166	-12.013
10.750	13.187	-0.164	-12.020
10.760	13.174	-0.161	-12.028
10.770	13.159	-0.156	-12.036
10.780	13.145	-0.153	-12.045
10.790	13.126	-0.150	-12.053
10.800	13.106	-0.147	-12.061
10.810	13.085	-0.147	-12.068
10.820	13.063	-0.148	-12.075
10.830	13.041	-0.149	-12.082
10.840	13.020	-0.150	-12.089
10.850	13.001	-0.149	-12.098
10.860	12.981	-0.147	-12.106
10.870	12.958	-0.146	-12.113
10.880	12.936	-0.146	-12.120
10.890	12.911	-0.146	-12.127
10.900	12.887	-0.145	-12.135
10.910	12.863	-0.143	-12.145
10.920	12.840	-0.141	-12.156
10.930	12.818	-0.139	-12.167
10.940	12.797	-0.138	-12.179
10.950	12.776	-0.136	-12.190
10.960	12.756	-0.134	-12.201
10.970	12.737	-0.131	-12.210
10.980	12.720	-0.128	-12.218
10.990	12.704	-0.126	-12.225
11.000	12.687	-0.123	-12.232
11.010	12.671	-0.120	-12.239
11.020	12.656	-0.116	-12.247
11.030	12.640	-0.114	-12.258
11.040	12.624	-0.111	-12.268
11.050	12.610	-0.112	-12.279
11.060	12.597	-0.112	-12.290
11.070	12.581	-0.110	-12.300
11.080	12.566	-0.112	-12.307
11.090	12.557	-0.118	-12.313
11.100	12.550	-0.122	-12.321
11.110	12.544	-0.124	-12.330
11.120	12.539	-0.126	-12.340
11.130	12.534	-0.130	-12.348
11.140	12.527	-0.133	-12.353
11.150	12.520	-0.137	-12.357
11.160	12.516	-0.140	-12.361
11.170	12.514	-0.143	-12.368
11.180	12.513	-0.148	-12.377
11.190	12.514	-0.152	-12.387
11.200	12.515	-0.160	-12.394
11.210	12.513	-0.167	-12.399
11.220	12.512	-0.170	-12.405
11.230	12.510	-0.173	-12.411
11.240	12.509	-0.176	-12.416
11.250	12.507	-0.178	-12.420
11.260	12.506	-0.180	-12.424
11.270	12.504	-0.182	-12.427
11.280	12.502	-0.185	-12.431
11.290	12.499	-0.189	-12.436
11.300	12.496	-0.192	-12.441
11.310	12.495	-0.194	-12.446
11.320	12.494	-0.196	-12.454
11.330	12.494	-0.197	-12.461
11.340	12.495	-0.198	-12.467
11.350	12.495	-0.198	-12.473
11.360	12.494	-0.198	-12.478
11.370	12.492	-0.197	-12.482
11.380	12.490	-0.195	-12.485
11.390	12.489	-0.194	-12.489
11.400	12.488	-0.193	-12.493
11.410	12.487	-0.192	-12.499
11.420	12.486	-0.191	-12.507
11.430	12.487	-0.198	-12.515
11.440	12.487	-0.205	-12.524
11.450	12.485	-0.213	-12.532
11.460	12.484	-0.224	-12.538
11.470	12.480	-0.235	-12.540
11.480	12.474	-0.248	-12.541
11.490	12.469	-0.258	-12.543
11.500	12.463	-0.267	-12.548
11.510	12.459	-0.279	-12.551
11.520	12.452	-0.293	-12.551
11.530	12.445	-0.307	-12.552
11.540	12.438	-0.319	-12.553
11.550	12.431	-0.332	-12.552
11.560	12.423	-0.342	-12.549
11.570	12.415	-0.350	-12.547
11.580	12.408	-0.355	-12.546
11.590	12.403	-0.359	-12.548
11.600	12.400	-0.363	-12.551
11.610	12.397	-0.365	-12.554
11.620	12.397	-0.371	-12.555
11.630	12.397	-0.379	-12.556
11.640	12.397	-0.386	-12.556
11.650	12.396	-0.393	-12.554
11.660	12.393	-0.401	-12.550
11.670	12.393	-0.408	-12.547
11.680	12.394	-0.410	-12.546
11.690	12.396	-0.413	-12.545
11.700	12.393	-0.415	-12.541
11.710	12.387	-0.419	-12.534
11.720	12.376	-0.414	-12.526
11.730	12.372	-0.413	-12.525
11.740	12.370	-0.416	-12.524
11.750	12.366	-0.418	-12.523
11.760	12.365	-0.418	-12.524
11.770	12.365	-0.419	-12.527
11.780	12.364	-0.417	-12.525
11.790	12.361	-0.411	-12.523
11.800	12.360	-0.407	-12.524
11.810	12.361	-0.405	-12.527
11.820	12.360	-0.402	-12.527
11.830	12.360	-0.399	-12.526
11.840	12.361	-0.395	-12.525
11.850	12.361	-0.391	-12.525
11.860	12.359	-0.386	-12.525
11.870	12.357	-0.382	-12.528
11.880	12.354	-0.379	-12.533
11.890	12.352	-0.376	-12.540
11.900	12.352	-0.372	-12.545
11.910	12.352	-0.369	-12.548
11.920	12.353	-0.365	-12.549
11.930	12.353	-0.361	-12.549
11.940	12.350	-0.358	-12.548
11.950	12.344	-0.355	-12.548
11.960	12.336	-0.351	-12.548
11.970	12.329	-0.347	-12.549
11.980	12.322	-0.342	-12.549
11.990	12.316	-0.335	-12.550
12.000	12.311	-0.330	-12.553
12.010	12.308	-0.327	-12.558
12.020	12.305	-0.324	-12.559
12.030	12.300	-0.321	-12.554
12.040	12.295	-0.318	-12.550
12.050	12.290	-0.314	-12.545
12.060	12.286	-0.312	-12.539
12.070	12.283	-0.308	-12.535
12.080	12.281	-0.301	-12.534
12.090	12.280	-0.295	-12.534
12.100	12.278	-0.290	-12.535
12.110	12.278	-0.286	-12.537
12.120	12.277	-0.285	-12.537
12.130	12.277	-0.290	-12.534
12.140	12.278	-0.300	-12.522
12.150	12.276	-0.308	-12.502
12.160	12.279	-0.313	-12.505
12.170	12.282	-0.309	-12.509
12.180	12.281	-0.306	-12.505
12.190	12.281	-0.301	-12.505
12.200	12.283	-0.297	-12.508
12.210	12.286	-0.294	-12.509
12.220	12.290	-0.290	-12.511
12.230	12.293	-0.288	-12.512
12.240	12.294	-0.286	-12.512
12.250	12.296	-0.285	-12.513
12.260	12.298	-0.284	-12.513
12.270	12.302	-0.285	-12.513
12.280	12.308	-0.287	-12.512
12.290	12.315	-0.290	-12.514
12.300	12.319	-0.291	-12.518
12.310	12.321	-0.292	-12.519
12.320	12.322	-0.293	-12.520
12.330	12.322	-0.292	-12.520
12.340	12.321	-0.291	-12.520
12.350	12.321	-0.292	-12.520
12.360	12.321	-0.292	-12.520
12.370	12.321	-0.293	-12.519
12.380	12.321	-0.293	-12.521
12.390	12.322	-0.292	-12.522
12.400	12.323	-0.291	-12.524
12.410	12.324	-0.290	-12.525
12.420	12.326	-0.288	-12.525
12.430	12.328	-0.287	-12.526
12.440	12.331	-0.287	-12.526
12.450	12.333	-0.287	-12.525
12.460	12.333	-0.287	-12.525
12.470	12.332	-0.287	-12.524
12.480	12.332	-0.286	-12.525
12.490	12.331	-0.284	-12.526
12.500	12.332	-0.283	-12.528
12.510	12.332	-0.280	-12.529
12.520	12.334	-0.279	-12.530
12.530	12.337	-0.277	-12.531
12.540	12.339	-0.276	-12.531
12.550	12.341	-0.276	-12.532
12.560	12.342	-0.276	-12.532
12.570	12.342	-0.276	-12.531
12.580	12.342	-0.276	-12.532
12.590	12.343	-0.274	-12.533
12.600	12.344	-0.273	-12.534
12.610	12.344	-0.272	-12.534
12.620	12.344	-0.270	-12.533
12.630	12.342	-0.269	-12.533
12.640	12.341	-0.268	-12.534
12.650	12.339	-0.267	-12.536
12.660	12.339	-0.265	-12.539
12.670	12.337	-0.263	-12.540
12.680	12.337	-0.262	-12.541
12.690	12.336	-0.261	-12.540
12.700	12.334	-0.259	-12.538
12.710	12.333	-0.258	-12.537
12.720	12.330	-0.257	-12.536
12.730	12.327	-0.257	-12.536
12.740	12.326	-0.256	-12.537
12.750	12.324	-0.255	-12.539
12.760	12.323	-0.254	-12.539
12.770	12.321	-0.253	-12.540
12.780	12.321	-0.252	-12.541
12.790	12.320	-0.250	-12.543
12.800	12.320	-0.249	-12.543
12.810	12.320	-0.248	-12.545
12.820	12.321	-0.248	-12.546
12.830	12.322	-0.247	-12.546
12.840	12.323	-0.247	-12.546
12.850	12.324	-0.246	-12.546
12.860	12.326	-0.245	-12.546
12.870	12.327	-0.244	-12.547
12.880	12.329	-0.243	-12.548
12.890	12.330	-0.242	-12.548
12.900	12.331	-0.241	-12.547
12.910	12.332	-0.239	-12.546
12.920	12.332	-0.237	-12.545
12.930	12.332	-0.234	-12.544
12.940	12.332	-0.232	-12.542
12.950	12.330	-0.230	-12.542
12.960	12.329	-0.228	-12.542
12.970	12.328	-0.226	-12.542
12.980	12.327	-0.224	-12.542
12.990	12.326	-0.222	-12.543
13.000	12.326	-0.219	-12.544
13.010	12.329	-0.221	-12.543
13.020	12.331	-0.223	-12.542
13.030	12.331	-0.225	-12.543
13.040	12.331	-0.227	-12.543
13.050	12.332	-0.229	-12.544
13.060	12.333	-0.230	-12.543
13.070	12.332	-0.231	-12.542
13.080	12.331	-0.232	-12.540
13.090	12.331	-0.233	-12.539
13.100	12.334	-0.234	-12.539
13.110	12.337	-0.235	-12.539
13.120	12.339	-0.235	-12.538
13.130	12.342	-0.236	-12.537
13.140	12.345	-0.237	-12.536
13.150	12.349	-0.238	-12.536
13.160	12.349	-0.238	-12.535
13.170	12.350	-0.238	-12.535
13.180	12.350	-0.238	-12.534
13.190	12.351	-0.239	-12.534
13.200	12.351	-0.238	-12.534
13.210	12.351	-0.239	-12.534
13.220	12.351	-0.239	-12.533
13.230	12.351	-0.239	-12.532
13.240	12.351	-0.238	-12.532
13.250	12.351	-0.238	-12.531
13.260	12.351	-0.238	-12.530
13.270	12.350	-0.237	-12.527
13.280	12.349	-0.236	-12.523
13.290	12.348	-0.235	-12.519
13.300	12.348	-0.235	-12.517
13.310	12.347	-0.234	-12.516
13.320	12.347	-0.234	-12.516
13.330	12.347	-0.234	-12.516
13.340	12.347	-0.233	-12.515
13.350	12.347	-0.233	-12.513
13.360	12.346	-0.233	-12.512
13.370	12.347	-0.233	-12.510
13.380	12.346	-0.232	-12.510
13.390	12.346	-0.232	-12.510
13.400	12.346	-0.232	-12.510
13.410	12.346	-0.232	-12.510
13.420	12.346	-0.232	-12.510
13.430	12.346	-0.232	-12.510
13.440	12.346	-0.232	-12.510
13.450	12.346	-0.232	-12.510
13.460	12.346	-0.232	-12.510
13.470	12.346	-0.232	-12.511
13.480	12.346	-0.232	-12.513
13.490	12.346	-0.232	-12.515
13.500	12.346	-0.233	-12.516
13.510	12.347	-0.233	-12.517
13.520	12.347	-0.233	-12.517
13.530	12.347	-0.233	-12.518
13.540	12.347	-0.233	-12.518
13.550	12.347	-0.233	-12.518
13.560	12.347	-0.233	-12.518
13.570	12.347	-0.233	-12.518
13.580	12.347	-0.233	-12.518
13.590	12.347	-0.233	-12.518
13.600	12.347	-0.233	-12.518
13.610	12.346	-0.233	-12.518
13.620	12.347	-0.233	-12.519
13.630	12.347	-0.233	-12.520
13.640	12.347	-0.233	-12.521
13.650	12.347	-0.233	-12.521
13.660	12.347	-0.233	-12.521
13.670	12.347	-0.233	-12.521
13.680	12.347	-0.233	-12.521
13.690	12.347	-0.233	-12.521
13.700	12.347	-0.232	-12.521
13.710	12.347	-0.232	-12.521
13.720	12.346	-0.232	-12.521
13.730	12.346	-0.232	-12.521
13.740	12.346	-0.232	-12.521
13.750	12.346	-0.232	-12.521
13.760	12.346	-0.232	-12.521
13.770	12.347	-0.232	-12.521
13.780	12.347	-0.232	-12.521
13.790	12.346	-0.232	-12.521
13.800	12.346	-0.232	-12.521
13.810	12.346	-0.231	-12.521
13.820	12.346	-0.231	-12.521
13.830	12.346	-0.231	-12.521
13.840	12.346	-0.231	-12.521
13.850	12.346	-0.231	-12.521
13.860	12.346	-0.231	-12.521
13.870	12.346	-0.231	-12.521
13.880	12.346	-0.231	-12.521
13.890	12.346	-0.231	-12.521
13.900	12.345	-0.230	-12.521
13.910	12.345	-0.230	-12.521
13.920	12.345	-0.230	-12.522
13.930	12.345	-0.230	-12.521
13.940	12.345	-0.230	-12.521
13.950	12.345	-0.230	-12.522
13.960	12.345	-0.230	-12.522
13.970	12.345	-0.229	-12.521
13.980	12.345	-0.229	-12.521
13.990	12.345	-0.229	-12.521
14.000	12.345	-0.229	-12.521
14.010	12.345	-0.229	-12.521
14.020	12.344	-0.229	-12.521
14.030	12.345	-0.228	-12.521
14.040	12.344	-0.228	-12.521
14.050	12.344	-0.228	-12.521
14.060	12.344	-0.228	-12.520
14.070	12.344	-0.227	-12.520
14.080	12.344	-0.228	-12.520
14.090	12.344	-0.228	-12.520
14.100	12.344	-0.228	-12.520
14.110	12.344	-0.228	-12.520
14.120	12.344	-0.227	-12.520
14.130	12.343	-0.227	-12.520
14.140	12.343	-0.227	-12.520
14.150	12.343	-0.227	-12.520
14.160	12.343	-0.227	-12.520
14.170	12.343	-0.227	-12.520
14.180	12.343	-0.226	-12.520
14.190	12.343	-0.226	-12.520
14.200	12.343	-0.226	-12.520
14.210	12.342	-0.226	-12.520
14.220	12.342	-0.226	-12.520
14.230	12.342	-0.226	-12.520
14.240	12.342	-0.226	-12.520
14.250	12.342	-0.225	-12.520
14.260	12.341	-0.225	-12.520
14.270	12.341	-0.225	-12.520
14.280	12.341	-0.225	-12.520
14.290	12.341	-0.225	-12.520
14.300	12.341	-0.225	-12.520
14.310	12.341	-0.225	-12.520
14.320	12.341	-0.225	-12.520
14.330	12.341	-0.225	-12.520
14.340	12.341	-0.225	-12.520
14.350	12.341	-0.225	-12.520
14.360	12.341	-0.225	-12.520
14.370	12.341	-0.225	-12.520
14.380	12.341	-0.225	-12.520
14.390	12.341	-0.225	-12.520
14.400	12.340	-0.225	-12.520
14.410	12.340	-0.224	-12.520
14.420	12.340	-0.224	-12.520
14.430	12.340	-0.224	-12.520
14.440	12.340	-0.224	-12.520
14.450	12.340	-0.224	-12.520
14.460	12.340	-0.224	-12.520
14.470	12.339	-0.223	-12.520
14.480	12.339	-0.223	-12.520
14.490	12.339	-0.223	-12.520
14.500	12.339	-0.224	-12.520
14.510	12.339	-0.223	-12.520
14.520	12.339	-0.224	-12.520
14.530	12.339	-0.224	-12.520
14.540	12.339	-0.224	-12.520
14.550	12.339	-0.224	-12.520
14.560	12.339	-0.224	-12.520
14.570	12.339	-0.223	-12.520
14.580	12.339	-0.223	-12.519
14.590	12.339	-0.223	-12.520
14.600	12.338	-0.223	-12.520
14.610	12.338	-0.223	-12.520
14.620	12.338	-0.223	-12.520
14.630	12.338	-0.222	-12.520
14.640	12.337	-0.222	-12.519
14.650	12.337	-0.222	-12.519
14.660	12.337	-0.222	-12.519
14.670	12.337	-0.222	-12.519
14.680	12.337	-0.222	-12.519
14.690	12.337	-0.222	-12.519
14.700	12.337	-0.222	-12.519
14.710	12.337	-0.222	-12.519
14.720	12.336	-0.221	-12.519
14.730	12.336	-0.221	-12.519
14.740	12.336	-0.221	-12.519
14.750	12.336	-0.221	-12.519
14.760	12.336	-0.221	-12.519
14.770	12.336	-0.221	-12.519
14.780	12.336	-0.221	-12.519
14.790	12.336	-0.221	-12.519
14.800	12.336	-0.221	-12.519
14.810	12.336	-0.220	-12.519
14.820	12.336	-0.220	-12.519
14.830	12.336	-0.220	-12.519
14.840	12.336	-0.220	-12.519
14.850	12.336	-0.220	-12.519
14.860	12.336	-0.219	-12.519
14.870	12.335	-0.219	-12.519
14.880	12.335	-0.219	-12.519
14.890	12.336	-0.219	-12.519
14.900	12.335	-0.219	-12.519
14.910	12.335	-0.219	-12.519
14.920	12.335	-0.219	-12.519
14.930	12.335	-0.219	-12.519
14.940	12.335	-0.219	-12.519
14.950	12.335	-0.219	-12.519
14.960	12.335	-0.219	-12.519
14.970	12.335	-0.218	-12.519
14.980	12.335	-0.218	-12.519
14.990	12.335	-0.218	-12.519
15.000	12.335	-0.218	-12.518
15.010	12.335	-0.218	-12.518
15.020	12.335	-0.218	-12.518
15.030	12.335	-0.217	-12.518
15.040	12.335	-0.217	-12.518
15.050	12.335	-0.217	-12.518
15.060	12.335	-0.217	-12.517
15.070	12.334	-0.217	-12.517
15.080	12.335	-0.217	-12.517
15.090	12.335	-0.217	-12.517
15.100	12.334	-0.217	-12.517
15.110	12.334	-0.217	-12.517
15.120	12.334	-0.217	-12.517
15.130	12.334	-0.217	-12.518
15.140	12.334	-0.217	-12.518
15.150	12.334	-0.217	-12.518
15.160	12.334	-0.216	-12.518
15.170	12.334	-0.216	-12.518
15.180	12.334	-0.216	-12.518
15.190	12.334	-0.216	-12.518
15.200	12.334	-0.216	-12.517
15.210	12.333	-0.216	-12.518
15.220	12.333	-0.216	-12.518
15.230	12.333	-0.216	-12.518
15.240	12.333	-0.216	-12.518
15.250	12.333	-0.216	-12.518
15.260	12.333	-0.216	-12.518
15.270	12.333	-0.216	-12.517
15.280	12.333	-0.216	-12.518
15.290	12.333	-0.216	-12.517
