0.000	-0.015	-0.000	-0.003	0.000
0.010	-0.007	0.004	0.006	-0.000
0.010	-0.003	0.004	-0.001	-0.000
0.020	-0.007	0.002	-0.018	-0.000
0.020	-0.014	-0.013	-0.002	-0.000
0.030	-0.029	-0.023	0.009	-0.000
0.030	-0.038	-0.023	0.002	0.000
0.040	-0.047	-0.001	0.016	-0.000
0.040	-0.047	-0.007	0.018	-0.000
0.050	-0.041	-0.017	0.017	-0.000
0.050	-0.041	-0.011	0.015	-0.000
0.060	-0.033	-0.003	0.007	-0.000
0.060	-0.046	-0.008	0.012	-0.000
0.070	-0.048	-0.028	0.015	-0.000
0.070	-0.052	-0.046	0.002	-0.000
0.080	-0.042	-0.056	0.005	-0.000
0.080	-0.032	-0.046	0.021	0.000
0.090	-0.033	-0.058	0.023	0.000
0.090	-0.038	-0.061	0.037	0.000
0.100	-0.032	-0.070	0.041	0.001
0.100	-0.032	-0.086	0.029	0.001
0.110	-0.036	-0.085	0.033	0.001
0.110	-0.025	-0.085	0.037	0.001
0.120	-0.014	-0.089	0.030	0.001
0.120	-0.024	-0.101	0.030	0.001
0.130	-0.022	-0.103	0.020	0.001
0.130	-0.017	-0.107	0.031	0.001
0.140	-0.020	-0.104	0.043	0.001
0.140	-0.036	-0.119	0.039	0.001
0.150	-0.036	-0.106	0.030	0.001
0.150	-0.028	-0.099	0.021	0.001
0.160	-0.025	-0.101	0.011	0.001
0.160	-0.035	-0.108	0.022	0.001
0.170	-0.033	-0.135	0.018	0.001
0.170	-0.046	-0.132	0.011	0.001
0.180	-0.045	-0.133	0.020	0.001
0.180	-0.035	-0.130	0.023	0.001
0.190	-0.034	-0.120	0.033	0.001
0.190	-0.025	-0.123	0.044	0.001
0.200	-0.039	-0.133	0.050	0.001
0.200	-0.053	-0.146	0.056	0.001
0.210	-0.050	-0.156	0.062	0.001
0.210	-0.049	-0.166	0.073	0.001
0.220	-0.045	-0.164	0.095	0.002
0.220	-0.052	-0.159	0.107	0.002
0.230	-0.049	-0.159	0.105	0.002
0.230	-0.046	-0.147	0.103	0.002
0.240	-0.055	-0.151	0.104	0.002
0.240	-0.060	-0.160	0.102	0.002
0.250	-0.065	-0.169	0.103	0.002
0.250	-0.064	-0.173	0.091	0.002
0.260	-0.053	-0.172	0.101	0.002
0.260	-0.053	-0.169	0.114	0.002
0.270	-0.046	-0.167	0.105	0.002
0.270	-0.053	-0.180	0.121	0.002
0.280	-0.064	-0.181	0.134	0.002
0.280	-0.054	-0.179	0.119	0.002
0.290	-0.052	-0.170	0.113	0.002
0.290	-0.059	-0.166	0.101	0.002
0.300	-0.060	-0.171	0.105	0.002
0.300	-0.048	-0.180	0.101	0.002
0.310	-0.045	-0.196	0.095	0.002
0.310	-0.046	-0.195	0.099	0.002
0.320	-0.067	-0.198	0.106	0.002
0.320	-0.084	-0.214	0.101	0.002
0.330	-0.101	-0.220	0.099	0.002
0.330	-0.088	-0.230	0.099	0.002
0.340	-0.092	-0.231	0.102	0.002
0.340	-0.112	-0.227	0.094	0.002
0.350	-0.109	-0.230	0.093	0.002
0.350	-0.116	-0.222	0.086	0.002
0.360	-0.118	-0.216	0.097	0.002
0.360	-0.118	-0.220	0.091	0.002
0.370	-0.136	-0.239	0.083	0.002
0.370	-0.147	-0.248	0.083	0.002
0.380	-0.160	-0.267	0.082	0.002
0.380	-0.166	-0.273	0.076	0.002
0.390	-0.178	-0.273	0.086	0.002
0.390	-0.180	-0.283	0.081	0.002
0.400	-0.200	-0.294	0.089	0.002
0.400	-0.214	-0.316	0.086	0.002
0.410	-0.236	-0.335	0.074	0.002
0.410	-0.245	-0.345	0.070	0.002
0.420	-0.267	-0.367	0.038	0.001
0.420	-0.293	-0.388	0.005	0.001
0.430	-0.285	-0.412	-0.053	0.001
0.430	-0.298	-0.412	-0.101	0.001
0.440	-0.324	-0.436	-0.164	0.000
0.440	-0.374	-0.461	-0.230	-0.000
0.450	-0.462	-0.497	-0.321	-0.001
0.450	-0.547	-0.539	-0.399	-0.003
0.460	-0.648	-0.588	-0.444	-0.004
0.460	-0.706	-0.619	-0.487	-0.005
0.470	-0.872	-0.689	-0.545	-0.005
0.470	-1.125	-0.765	-0.605	-0.007
0.480	-1.437	-0.773	-0.657	-0.009
0.480	-1.797	-0.726	-0.729	-0.012
0.490	-2.175	-0.679	-0.839	-0.016
0.490	-2.598	-0.606	-0.907	-0.021
0.500	-3.084	-0.503	-0.740	-0.026
0.500	-3.090	-0.255	-0.623	-0.030
0.510	-3.178	-0.056	-0.435	-0.031
0.510	-3.288	0.118	-0.294	-0.032
0.520	-3.372	0.296	-0.216	-0.033
0.520	-3.457	0.460	-0.159	-0.034
0.530	-3.533	0.673	-0.200	-0.036
0.530	-3.553	0.881	-0.161	-0.039
0.540	-3.492	1.135	-0.039	-0.040
0.540	-3.443	1.367	0.042	-0.041
0.550	-3.433	1.607	0.112	-0.042
0.550	-3.383	1.897	0.209	-0.043
0.560	-3.351	2.164	0.259	-0.044
0.560	-3.315	2.406	0.358	-0.046
0.570	-3.277	2.653	0.512	-0.047
0.570	-3.189	2.954	0.720	-0.047
0.580	-3.024	3.286	0.972	-0.047
0.580	-2.794	3.609	1.256	-0.047
0.590	-2.565	3.924	1.613	-0.045
0.590	-2.317	4.251	1.933	-0.043
0.600	-2.042	4.552	2.110	-0.041
0.600	-1.737	4.835	2.220	-0.040
0.610	-1.382	5.145	2.370	-0.039
0.610	-0.992	5.469	2.543	-0.038
0.620	-0.578	5.811	2.729	-0.036
0.620	-0.173	6.133	2.940	-0.034
0.630	0.213	6.478	3.157	-0.032
0.630	0.619	6.783	3.359	-0.031
0.640	1.030	7.096	3.511	-0.029
0.640	1.476	7.440	3.678	-0.027
0.650	2.011	7.853	3.856	-0.026
0.650	2.632	8.317	4.063	-0.024
0.660	3.231	8.794	4.238	-0.023
0.660	3.752	9.179	4.311	-0.022
0.670	4.308	9.585	4.413	-0.021
0.670	4.873	10.011	4.574	-0.020
0.680	5.466	10.465	4.774	-0.019
0.680	6.091	10.957	5.013	-0.018
0.690	6.761	11.475	5.319	-0.017
0.690	7.446	12.031	5.556	-0.016
0.700	8.087	12.653	5.699	-0.015
0.700	8.629	13.278	5.760	-0.017
0.710	9.169	13.801	5.867	-0.019
0.710	9.670	14.163	6.008	-0.021
0.720	10.113	14.491	6.128	-0.020
0.720	10.557	14.809	6.266	-0.020
0.730	11.247	14.976	6.663	-0.020
0.730	11.730	15.187	6.983	-0.015
0.740	12.180	15.403	7.194	-0.013
0.740	12.553	15.614	7.316	-0.011
0.750	12.934	15.811	7.460	-0.010
0.750	13.325	15.995	7.613	-0.010
0.760	13.695	16.159	7.728	-0.008
0.760	14.083	16.344	7.824	-0.007
0.770	14.386	16.562	7.936	-0.007
0.770	14.652	16.797	8.057	-0.007
0.780	14.859	17.064	8.121	-0.007
0.780	14.999	17.363	8.196	-0.009
0.790	15.186	17.686	8.259	-0.011
0.790	15.344	18.020	8.321	-0.013
0.800	15.511	18.359	8.387	-0.016
0.800	15.731	18.709	8.539	-0.019
0.810	16.027	19.068	8.780	-0.021
0.810	16.428	19.425	9.109	-0.022
0.820	16.883	19.794	9.476	-0.023
0.820	17.300	20.183	9.854	-0.023
0.830	17.709	20.538	10.195	-0.023
0.830	18.092	20.847	10.496	-0.024
0.840	18.435	21.133	10.791	-0.024
0.840	18.738	21.449	11.027	-0.024
0.850	19.054	21.731	11.230	-0.026
0.850	19.411	22.012	11.506	-0.027
0.860	19.900	22.257	11.903	-0.027
0.860	20.426	22.517	12.327	-0.026
0.870	20.942	22.825	12.783	-0.025
0.870	21.470	23.182	13.244	-0.024
0.880	21.972	23.588	13.704	-0.024
0.880	22.391	24.079	14.114	-0.025
0.890	22.786	24.633	14.472	-0.028
0.890	23.176	25.211	14.818	-0.032
0.900	23.596	25.823	15.203	-0.037
0.900	24.099	26.389	15.658	-0.042
0.910	24.698	26.937	16.163	-0.046
0.910	25.386	27.522	16.743	-0.049
0.920	26.113	28.155	17.371	-0.052
0.920	26.852	28.827	17.988	-0.056
0.930	27.564	29.524	18.556	-0.060
0.930	28.230	30.257	19.075	-0.066
0.940	28.879	31.001	19.570	-0.072
0.940	29.568	31.703	20.156	-0.079
0.950	30.336	32.335	20.847	-0.085
0.950	31.194	32.842	21.668	-0.090
0.960	32.146	33.322	22.526	-0.093
0.960	33.234	33.814	23.514	-0.095
0.970	34.499	34.364	24.698	-0.098
0.970	35.856	34.964	26.025	-0.100
0.980	37.138	35.604	27.313	-0.104
0.980	38.441	36.204	28.525	-0.108
0.990	39.722	36.753	29.623	-0.113
0.990	40.994	37.380	30.683	-0.118
1.000	42.304	38.003	31.767	-0.125
1.000	43.650	38.547	32.844	-0.132
1.010	45.038	39.014	33.959	-0.138
1.010	46.419	39.446	35.077	-0.143
1.020	47.889	39.825	36.251	-0.148
1.020	49.435	40.190	37.526	-0.153
1.030	51.030	40.581	38.922	-0.158
1.030	52.736	40.976	40.385	-0.164
1.040	54.451	41.393	41.870	-0.171
1.040	56.188	41.783	43.419	-0.178
1.050	57.892	42.164	44.947	-0.186
1.050	59.522	42.566	46.384	-0.194
1.060	61.240	42.994	47.893	-0.203
1.060	63.201	43.364	49.510	-0.213
1.070	65.406	43.601	51.287	-0.224
1.070	67.677	43.747	53.125	-0.233
1.080	70.101	43.781	55.097	-0.243
1.080	72.739	43.652	57.252	-0.252
1.090	75.456	43.349	59.497	-0.260
1.090	78.246	42.922	61.814	-0.268
1.100	81.038	42.395	64.159	-0.276
1.100	83.910	41.885	66.625	-0.285
1.110	86.938	41.398	69.241	-0.296
1.110	90.150	40.930	72.101	-0.310
1.120	93.437	40.324	75.093	-0.329
1.120	96.669	39.500	78.049	-0.350
1.130	99.677	38.491	80.833	-0.370
1.130	102.496	37.291	83.392	-0.388
1.140	105.218	35.956	85.786	-0.405
1.140	107.844	34.456	88.035	-0.422
1.150	110.341	32.848	90.111	-0.438
1.150	112.683	31.215	92.024	-0.454
1.160	114.944	29.480	93.814	-0.470
1.160	117.130	27.645	95.476	-0.487
1.170	119.276	25.750	97.064	-0.503
1.170	121.389	23.877	98.668	-0.520
1.180	123.449	22.090	100.369	-0.539
1.180	125.402	20.358	102.097	-0.562
1.190	127.173	18.628	103.679	-0.586
1.190	128.780	16.860	105.117	-0.609
1.200	130.260	14.950	106.436	-0.631
1.200	131.588	12.967	107.632	-0.651
1.210	132.894	11.005	108.857	-0.669
1.210	134.230	9.002	110.125	-0.690
1.220	135.548	6.956	111.402	-0.712
1.220	136.697	4.836	112.660	-0.735
1.230	137.644	2.714	113.824	-0.758
1.230	138.449	0.660	114.816	-0.778
1.240	139.058	-1.310	115.626	-0.795
1.240	139.572	-3.097	116.294	-0.809
1.250	140.006	-4.681	116.799	-0.821
1.250	140.368	-6.081	117.206	-0.831
1.260	140.645	-7.392	117.521	-0.839
1.260	140.759	-8.697	117.799	-0.845
1.270	140.760	-9.843	118.123	-0.849
1.270	140.672	-10.903	118.488	-0.852
1.280	140.591	-11.872	118.862	-0.854
1.280	140.494	-12.754	119.177	-0.857
1.290	140.392	-13.650	119.416	-0.859
1.290	140.215	-14.629	119.627	-0.860
1.300	139.923	-15.710	119.850	-0.860
1.300	139.458	-16.881	120.094	-0.858
1.310	138.766	-18.199	120.355	-0.854
1.310	138.242	-19.399	120.636	-0.846
1.320	137.803	-20.591	120.955	-0.842
1.320	137.346	-21.807	121.338	-0.839
1.330	136.777	-23.047	121.777	-0.837
1.330	136.056	-24.255	122.272	-0.834
1.340	135.367	-25.345	122.666	-0.829
1.340	134.816	-26.391	122.943	-0.824
1.350	134.341	-27.441	123.115	-0.819
1.350	133.815	-28.374	123.377	-0.813
1.360	133.183	-29.196	123.708	-0.808
1.360	132.409	-29.983	123.982	-0.803
1.370	131.355	-30.821	124.217	-0.795
1.370	130.123	-31.604	124.452	-0.782
1.380	128.798	-32.353	124.735	-0.766
1.380	127.281	-33.136	125.180	-0.749
1.390	125.954	-33.881	125.566	-0.732
1.390	124.979	-34.508	125.829	-0.717
1.400	124.262	-35.009	126.128	-0.705
1.400	123.371	-35.488	126.643	-0.698
1.410	122.146	-35.964	127.324	-0.691
1.410	120.669	-36.467	128.128	-0.683
1.420	118.938	-36.959	129.107	-0.671
1.420	116.936	-37.499	130.189	-0.659
1.430	114.804	-38.124	131.244	-0.644
1.430	113.111	-38.631	132.054	-0.627
1.440	112.156	-38.980	132.527	-0.612
1.440	111.382	-39.320	132.888	-0.604
1.450	110.692	-39.597	133.138	-0.598
1.450	109.891	-39.683	133.411	-0.590
1.460	108.967	-39.705	133.686	-0.582
1.460	108.080	-39.672	133.985	-0.572
1.470	107.074	-39.578	134.441	-0.563
1.470	105.923	-39.390	134.956	-0.555
1.480	104.598	-39.092	135.451	-0.545
1.480	103.298	-38.796	135.716	-0.533
1.490	102.084	-38.555	135.737	-0.518
1.490	101.097	-38.319	135.509	-0.501
1.500	100.440	-38.005	135.051	-0.483
1.500	99.858	-37.660	134.650	-0.467
1.510	99.435	-37.226	134.228	-0.453
1.510	99.050	-36.760	133.989	-0.441
1.520	98.387	-36.101	134.051	-0.433
1.520	97.597	-35.242	134.247	-0.426
1.530	96.532	-34.395	134.402	-0.420
1.530	95.251	-33.600	134.334	-0.408
1.540	93.864	-32.851	133.997	-0.391
1.540	92.677	-31.994	133.295	-0.369
1.550	91.792	-30.954	132.405	-0.344
1.550	91.291	-29.787	131.359	-0.323
1.560	91.093	-28.536	130.297	-0.305
1.560	90.846	-27.380	129.364	-0.292
1.570	90.585	-26.392	128.598	-0.281
1.570	90.154	-25.425	128.034	-0.271
1.580	89.505	-24.275	127.482	-0.261
1.580	88.576	-23.002	126.763	-0.250
1.590	87.510	-21.554	125.770	-0.234
1.590	86.474	-20.166	124.587	-0.214
1.600	85.506	-18.960	123.395	-0.193
1.600	84.738	-17.922	122.303	-0.173
1.610	84.312	-17.053	121.366	-0.155
1.610	84.160	-16.292	120.566	-0.144
1.620	84.009	-15.725	119.807	-0.137
1.620	83.651	-15.231	119.165	-0.129
1.630	83.080	-14.648	118.626	-0.121
1.630	82.403	-14.007	118.060	-0.111
1.640	81.596	-13.395	117.368	-0.101
1.640	80.684	-12.755	116.525	-0.088
1.650	79.738	-12.145	115.600	-0.073
1.650	78.818	-11.559	114.636	-0.056
1.660	77.958	-11.040	113.682	-0.040
1.660	77.169	-10.524	112.772	-0.025
1.670	76.530	-9.984	111.857	-0.011
1.670	75.959	-9.476	110.939	0.001
1.680	75.301	-9.094	109.980	0.012
1.680	74.549	-8.795	108.984	0.025
1.690	73.718	-8.381	107.985	0.040
1.690	72.820	-7.952	107.017	0.054
1.700	71.778	-7.490	106.081	0.068
1.700	70.577	-7.032	105.102	0.083
1.710	69.305	-6.638	104.072	0.099
1.710	67.987	-6.186	102.981	0.115
1.720	66.776	-5.895	101.894	0.132
1.720	65.792	-5.748	100.886	0.149
1.730	64.971	-5.585	99.927	0.163
1.730	64.164	-5.556	98.927	0.176
1.740	63.455	-5.597	97.832	0.190
1.740	62.997	-5.584	96.707	0.204
1.750	62.594	-5.537	95.692	0.216
1.750	61.887	-5.498	94.785	0.226
1.760	60.939	-5.380	93.811	0.237
1.760	59.925	-5.379	92.739	0.249
1.770	58.838	-5.374	91.623	0.263
1.770	57.563	-5.292	90.444	0.278
1.780	56.203	-5.220	89.193	0.293
1.780	54.854	-5.303	87.926	0.308
1.790	53.594	-5.436	86.745	0.324
1.790	52.512	-5.516	85.774	0.339
1.800	51.574	-5.423	85.053	0.351
1.800	50.832	-5.202	84.432	0.359
1.810	50.241	-4.953	83.924	0.363
1.810	49.729	-4.699	83.380	0.366
1.820	49.172	-4.460	82.743	0.368
1.820	48.445	-4.358	82.020	0.371
1.830	47.546	-4.446	81.186	0.376
1.830	46.541	-4.612	80.216	0.385
1.840	45.530	-4.836	79.241	0.395
1.840	44.577	-5.080	78.412	0.405
1.850	43.747	-5.307	77.678	0.415
1.850	43.080	-5.434	76.972	0.423
1.860	42.513	-5.371	76.290	0.429
1.860	41.992	-5.302	75.606	0.432
1.870	41.469	-5.284	74.842	0.435
1.870	40.845	-5.337	74.023	0.439
1.880	40.255	-5.422	73.119	0.444
1.880	39.610	-5.622	72.164	0.449
1.890	38.898	-5.910	71.242	0.455
1.890	38.162	-6.101	70.345	0.462
1.900	37.484	-6.376	69.545	0.468
1.900	36.887	-6.679	68.774	0.474
1.910	36.307	-6.936	68.056	0.480
1.910	35.773	-7.084	67.391	0.485
1.920	35.258	-7.217	66.725	0.489
1.920	34.700	-7.366	66.044	0.492
1.930	34.097	-7.554	65.347	0.496
1.930	33.464	-7.818	64.610	0.499
1.940	32.818	-8.047	63.882	0.504
1.940	32.251	-8.256	63.214	0.507
1.950	31.800	-8.473	62.630	0.511
1.950	31.440	-8.672	62.091	0.514
1.960	31.143	-8.844	61.628	0.516
1.960	30.834	-8.958	61.184	0.519
1.970	30.500	-9.064	60.736	0.520
1.970	30.149	-9.241	60.225	0.521
1.980	29.787	-9.476	59.680	0.524
1.980	29.419	-9.805	59.036	0.526
1.990	28.987	-10.142	58.358	0.530
1.990	28.511	-10.434	57.670	0.533
2.000	28.076	-10.660	57.041	0.536
2.000	27.679	-10.792	56.433	0.538
2.010	27.340	-10.874	55.880	0.539
2.010	26.992	-10.965	55.346	0.539
2.020	26.661	-11.059	54.864	0.539
2.020	26.284	-11.197	54.324	0.540
2.030	25.875	-11.444	53.693	0.540
2.030	25.417	-11.817	52.931	0.542
2.040	24.893	-12.253	52.085	0.544
2.040	24.386	-12.679	51.236	0.547
2.050	23.952	-13.049	50.425	0.549
2.050	23.601	-13.305	49.720	0.551
2.060	23.310	-13.472	49.034	0.552
2.060	23.031	-13.565	48.401	0.552
2.070	22.716	-13.622	47.805	0.551
2.070	22.359	-13.707	47.112	0.549
2.080	21.981	-13.845	46.360	0.548
2.080	21.600	-14.029	45.576	0.546
2.090	21.263	-14.266	44.783	0.545
2.090	20.990	-14.559	43.921	0.545
2.100	20.761	-14.801	43.081	0.544
2.100	20.593	-14.927	42.255	0.543
2.110	20.480	-14.960	41.456	0.542
2.110	20.365	-14.912	40.778	0.539
2.120	20.245	-14.918	40.097	0.536
2.120	20.116	-15.082	39.346	0.533
2.130	19.916	-15.371	38.513	0.532
2.130	19.712	-15.827	37.593	0.531
2.140	19.457	-16.360	36.668	0.531
2.140	19.204	-16.932	35.736	0.532
2.150	18.982	-17.487	34.789	0.532
2.150	18.816	-17.951	33.812	0.533
2.160	18.701	-18.324	32.862	0.532
2.160	18.632	-18.684	31.984	0.531
2.170	18.551	-19.061	31.149	0.530
2.170	18.451	-19.414	30.358	0.529
2.180	18.376	-19.780	29.581	0.528
2.180	18.293	-20.115	28.724	0.527
2.190	18.223	-20.446	27.851	0.525
2.190	18.082	-20.692	27.045	0.524
2.200	17.951	-20.864	26.184	0.521
2.200	17.827	-20.963	25.275	0.517
2.210	17.728	-21.052	24.272	0.512
2.210	17.688	-21.245	23.291	0.506
2.220	17.638	-21.461	22.328	0.502
2.220	17.599	-21.623	21.434	0.498
2.230	17.514	-21.670	20.593	0.493
2.230	17.436	-21.644	19.845	0.488
2.240	17.347	-21.523	19.145	0.483
2.240	17.253	-21.324	18.459	0.476
2.250	17.160	-21.101	17.814	0.470
2.250	17.095	-20.911	17.099	0.463
2.260	16.905	-20.712	16.429	0.456
2.260	16.652	-20.456	15.700	0.448
2.270	16.405	-20.175	14.957	0.439
2.270	16.138	-19.850	14.245	0.430
2.280	15.894	-19.505	13.527	0.420
2.280	15.684	-19.106	12.757	0.410
2.290	15.491	-18.719	11.957	0.400
2.290	15.310	-18.337	11.256	0.389
2.300	15.124	-17.976	10.656	0.379
2.300	14.985	-17.613	10.108	0.370
2.310	14.887	-17.211	9.609	0.362
2.310	14.772	-16.752	9.121	0.354
2.320	14.636	-16.321	8.630	0.345
2.320	14.456	-15.901	8.180	0.337
2.330	14.271	-15.441	7.695	0.328
2.330	14.119	-14.938	7.231	0.319
2.340	14.001	-14.448	6.731	0.310
2.340	13.959	-14.034	6.192	0.301
2.350	13.948	-13.643	5.627	0.292
2.350	14.007	-13.226	5.054	0.285
2.360	14.135	-12.727	4.519	0.277
2.360	14.307	-12.178	4.042	0.269
2.370	14.488	-11.582	3.632	0.262
2.370	14.661	-10.946	3.319	0.255
2.380	14.815	-10.322	3.045	0.248
2.380	15.016	-9.720	2.821	0.241
2.390	15.200	-9.140	2.666	0.236
2.390	15.399	-8.520	2.505	0.231
2.400	15.633	-7.875	2.353	0.225
2.400	15.881	-7.170	2.146	0.220
2.410	16.102	-6.401	1.962	0.214
2.410	16.328	-5.598	1.788	0.207
2.420	16.597	-4.788	1.635	0.200
2.420	16.891	-4.045	1.566	0.193
2.430	17.264	-3.372	1.488	0.187
2.430	17.693	-2.713	1.448	0.183
2.440	18.128	-2.078	1.484	0.179
2.440	18.524	-1.410	1.590	0.176
2.450	18.878	-0.675	1.693	0.173
2.450	19.231	0.070	1.712	0.169
2.460	19.576	0.824	1.690	0.164
2.460	19.950	1.632	1.677	0.159
2.470	20.354	2.491	1.730	0.153
2.470	20.830	3.357	1.862	0.147
2.480	21.369	4.180	2.056	0.142
2.480	22.057	5.052	2.315	0.138
2.490	22.724	5.936	2.571	0.135
2.490	23.373	6.735	2.766	0.131
2.500	23.944	7.482	2.960	0.128
2.500	24.439	8.200	3.168	0.124
2.510	24.866	8.875	3.382	0.120
2.510	25.246	9.537	3.622	0.116
2.520	25.629	10.135	3.882	0.112
2.520	25.992	10.690	4.122	0.109
2.530	26.394	11.228	4.405	0.106
2.530	26.897	11.715	4.786	0.103
2.540	27.487	12.206	5.269	0.103
2.540	28.189	12.731	5.860	0.102
2.550	28.986	13.297	6.561	0.103
2.550	29.933	13.905	7.397	0.103
2.560	31.016	14.529	8.362	0.105
2.560	32.056	15.129	9.306	0.107
2.570	33.006	15.628	10.171	0.108
2.570	33.893	16.023	10.978	0.109
2.580	34.736	16.289	11.644	0.111
2.580	35.594	16.409	12.249	0.114
2.590	36.424	16.524	12.806	0.118
2.590	37.351	16.626	13.392	0.121
2.600	38.366	16.675	14.016	0.125
2.600	39.580	16.677	14.753	0.130
2.610	40.985	16.619	15.630	0.137
2.610	42.526	16.496	16.619	0.145
2.620	44.187	16.348	17.723	0.154
2.620	45.909	16.191	18.924	0.163
2.630	47.621	15.955	20.183	0.172
2.630	49.138	15.684	21.345	0.182
2.640	50.335	15.419	22.263	0.191
2.640	51.520	15.071	23.086	0.198
2.650	52.618	14.694	23.877	0.206
2.650	53.709	14.294	24.650	0.213
2.660	54.855	13.833	25.434	0.221
2.660	56.075	13.300	26.248	0.229
2.670	57.419	12.611	27.139	0.238
2.670	58.831	11.787	28.111	0.249
2.680	60.392	10.812	29.210	0.261
2.680	61.781	9.879	30.307	0.275
2.690	62.907	9.075	31.441	0.287
2.690	63.820	8.343	32.587	0.297
2.700	64.555	7.650	33.670	0.306
2.700	65.333	6.871	34.682	0.313
2.710	66.107	6.003	35.624	0.322
2.710	66.805	5.094	36.527	0.331
2.720	67.473	4.051	37.442	0.341
2.720	68.175	2.893	38.334	0.352
2.730	68.699	1.768	39.154	0.364
2.730	68.930	0.988	40.026	0.375
2.740	69.121	0.366	40.983	0.383
2.740	69.228	-0.173	41.930	0.388
2.750	69.413	-0.737	42.874	0.392
2.750	69.792	-1.450	43.794	0.396
2.760	70.106	-2.372	44.845	0.402
2.760	70.557	-3.341	45.745	0.409
2.770	71.249	-4.439	46.435	0.417
2.770	72.073	-5.649	47.026	0.425
2.780	72.911	-6.967	47.630	0.435
2.780	73.672	-8.307	48.293	0.445
2.790	74.280	-9.653	49.058	0.454
2.790	74.794	-10.914	49.890	0.464
2.800	75.271	-12.140	50.785	0.472
2.800	75.693	-13.505	51.701	0.479
2.810	76.108	-15.049	52.606	0.488
2.810	76.449	-16.842	53.604	0.498
2.820	76.589	-18.942	54.634	0.509
2.820	76.404	-20.848	55.635	0.523
2.830	76.087	-22.439	56.517	0.537
2.830	75.846	-23.870	57.238	0.549
2.840	75.577	-25.014	58.001	0.559
2.840	75.261	-25.915	58.837	0.566
2.850	74.941	-26.638	59.662	0.571
2.850	74.491	-27.226	60.568	0.575
2.860	73.936	-27.921	61.592	0.577
2.860	73.217	-28.717	62.744	0.580
2.870	72.371	-29.650	63.990	0.584
2.870	71.509	-30.788	65.211	0.589
2.880	70.696	-32.098	66.360	0.596
2.880	69.959	-33.347	67.453	0.605
2.890	69.247	-34.465	68.507	0.612
2.890	68.643	-35.522	69.434	0.618
2.900	68.097	-36.570	70.276	0.624
2.900	67.585	-37.478	71.052	0.630
2.910	66.982	-38.333	71.876	0.634
2.910	66.274	-39.181	72.775	0.639
2.920	65.372	-40.067	73.861	0.644
2.920	64.309	-41.014	75.067	0.648
2.930	63.149	-41.992	76.312	0.654
2.930	61.934	-42.910	77.589	0.659
2.940	60.691	-43.807	78.882	0.665
2.940	59.522	-44.606	80.115	0.670
2.950	58.434	-45.291	81.363	0.675
2.950	57.457	-46.025	82.625	0.678
2.960	56.504	-46.722	83.913	0.680
2.960	55.474	-47.378	85.333	0.682
2.970	54.392	-47.946	86.851	0.683
2.970	53.199	-48.432	88.463	0.683
2.980	51.931	-48.813	90.158	0.683
2.980	50.599	-49.091	91.938	0.682
2.990	49.223	-49.270	93.806	0.680
2.990	47.841	-49.397	95.793	0.678
3.000	46.389	-49.517	97.853	0.674
3.000	44.996	-49.436	99.921	0.670
3.010	43.616	-49.159	101.996	0.665
3.010	42.154	-48.956	104.104	0.658
3.020	40.591	-48.745	106.347	0.652
3.020	39.024	-48.504	108.566	0.645
3.030	37.465	-48.288	110.750	0.639
3.030	35.952	-47.883	112.959	0.633
3.040	34.461	-47.342	115.199	0.625
3.040	33.080	-46.759	117.336	0.616
3.050	31.871	-46.130	119.358	0.607
3.050	30.668	-45.549	121.358	0.597
3.060	29.542	-44.996	123.266	0.587
3.060	28.513	-44.337	125.081	0.577
3.070	27.479	-43.673	126.850	0.567
3.070	26.276	-43.050	128.583	0.557
3.080	25.042	-42.429	130.266	0.548
3.080	23.998	-41.750	131.839	0.541
3.090	23.188	-41.006	133.262	0.532
3.090	22.464	-40.273	134.587	0.522
3.100	21.766	-39.608	135.800	0.513
3.100	21.080	-39.084	136.898	0.504
3.110	20.495	-38.603	137.913	0.497
3.110	19.905	-38.091	138.888	0.490
3.120	19.295	-37.537	139.843	0.484
3.120	18.802	-36.888	140.707	0.477
3.130	18.478	-36.227	141.380	0.470
3.130	18.358	-35.587	141.892	0.462
3.140	18.370	-34.999	142.234	0.455
3.140	18.404	-34.496	142.570	0.448
3.150	18.513	-33.996	142.895	0.441
3.150	18.651	-33.579	143.151	0.434
3.160	18.730	-33.258	143.375	0.428
3.160	18.789	-32.980	143.587	0.423
3.170	18.837	-32.813	143.753	0.418
3.170	18.881	-32.667	143.851	0.415
3.180	18.934	-32.581	143.847	0.413
3.180	18.873	-32.556	143.854	0.412
3.190	18.790	-32.527	143.869	0.412
3.190	18.727	-32.460	143.949	0.413
3.200	18.677	-32.385	144.096	0.412
3.200	18.568	-32.298	144.258	0.411
3.210	18.394	-32.155	144.444	0.410
3.210	18.200	-32.016	144.603	0.409
3.220	17.979	-31.936	144.694	0.408
3.220	17.735	-31.891	144.780	0.409
3.230	17.429	-31.892	144.832	0.410
3.230	17.203	-31.847	144.917	0.412
3.240	16.873	-31.793	145.003	0.413
3.240	16.600	-31.691	145.080	0.415
3.250	16.323	-31.551	145.168	0.416
3.250	16.055	-31.430	145.236	0.417
3.260	15.758	-31.291	145.328	0.418
3.260	15.422	-31.200	145.371	0.418
3.270	15.039	-31.197	145.396	0.420
3.270	14.618	-31.275	145.434	0.423
3.280	14.228	-31.275	145.516	0.427
3.280	13.773	-31.221	145.588	0.430
3.290	13.295	-31.135	145.651	0.433
3.290	12.848	-31.065	145.724	0.436
3.300	12.409	-30.949	145.824	0.439
3.300	12.045	-30.755	145.927	0.441
3.310	11.643	-30.620	145.979	0.442
3.310	11.259	-30.548	145.992	0.444
3.320	10.814	-30.550	145.997	0.446
3.320	10.284	-30.631	145.959	0.450
3.330	9.740	-30.752	145.900	0.455
3.330	9.277	-30.865	145.808	0.461
3.340	8.803	-31.022	145.660	0.466
3.340	8.223	-31.170	145.542	0.473
3.350	7.576	-31.192	145.510	0.479
3.350	7.045	-31.162	145.415	0.485
3.360	6.561	-31.125	145.274	0.490
3.360	6.065	-31.015	145.094	0.494
3.370	5.518	-30.971	144.802	0.499
3.370	4.942	-31.065	144.557	0.505
3.380	4.289	-31.225	144.404	0.512
3.380	3.584	-31.383	144.356	0.519
3.390	2.847	-31.581	144.332	0.526
3.390	2.062	-31.805	144.243	0.533
3.400	1.228	-32.041	144.089	0.541
3.400	0.425	-32.326	143.895	0.550
3.410	-0.245	-32.655	143.542	0.559
3.410	-0.870	-32.991	143.027	0.568
3.420	-1.570	-33.379	142.433	0.579
3.420	-2.328	-33.864	141.803	0.590
3.430	-3.054	-34.355	141.218	0.603
3.430	-3.612	-34.786	140.636	0.615
3.440	-4.094	-35.190	140.116	0.625
3.440	-4.449	-35.529	139.581	0.634
3.450	-4.768	-35.850	138.973	0.642
3.450	-5.080	-36.194	138.312	0.650
3.460	-5.340	-36.525	137.520	0.658
3.460	-5.536	-36.893	136.557	0.667
3.470	-5.744	-37.356	135.404	0.676
3.470	-6.063	-38.042	134.152	0.686
3.480	-6.332	-38.828	132.961	0.699
3.480	-6.478	-39.611	131.842	0.713
3.490	-6.670	-40.398	130.885	0.724
3.490	-7.044	-41.138	130.027	0.735
3.500	-7.371	-41.851	129.063	0.746
3.500	-7.588	-42.581	128.024	0.757
3.510	-7.683	-43.249	126.929	0.767
3.510	-7.769	-43.841	125.843	0.776
3.520	-7.812	-44.466	124.589	0.785
3.520	-7.700	-45.219	123.059	0.794
3.530	-7.427	-46.065	121.293	0.804
3.530	-7.194	-46.975	119.634	0.815
3.540	-6.922	-47.837	118.261	0.825
3.540	-6.461	-48.575	117.049	0.834
3.550	-5.785	-49.248	115.745	0.841
3.550	-5.005	-49.971	114.332	0.846
3.560	-4.035	-50.697	112.722	0.853
3.560	-2.891	-51.495	110.830	0.859
3.570	-1.541	-52.308	108.631	0.865
3.570	0.040	-53.113	106.113	0.872
3.580	1.755	-53.875	103.457	0.878
3.580	3.227	-54.568	101.131	0.885
3.590	4.552	-55.158	99.159	0.890
3.590	5.909	-55.635	97.215	0.895
3.600	7.364	-56.053	95.292	0.898
3.600	8.947	-56.304	93.360	0.901
3.610	10.615	-56.455	91.302	0.903
3.610	12.354	-56.482	89.030	0.905
3.620	14.362	-56.405	86.410	0.906
3.620	16.485	-56.208	83.671	0.906
3.630	18.343	-56.054	81.187	0.906
3.630	20.017	-56.065	78.906	0.906
3.640	21.691	-56.069	76.698	0.907
3.640	23.234	-55.808	74.671	0.908
3.650	24.414	-55.386	73.009	0.907
3.650	25.569	-54.910	71.438	0.905
3.660	26.638	-54.508	69.879	0.903
3.660	27.654	-54.156	68.266	0.902
3.670	28.709	-53.718	66.549	0.900
3.670	29.710	-53.447	64.768	0.899
3.680	30.712	-53.457	62.873	0.898
3.680	31.862	-53.686	60.814	0.898
3.690	33.123	-53.786	58.702	0.900
3.690	34.353	-53.576	56.678	0.901
3.700	35.587	-53.247	54.673	0.900
3.700	36.804	-52.771	52.710	0.898
3.710	37.930	-52.111	50.846	0.895
3.710	38.971	-51.258	49.015	0.892
3.720	39.978	-50.347	47.161	0.886
3.720	40.999	-49.540	45.232	0.881
3.730	42.121	-48.915	43.137	0.876
3.730	43.155	-48.294	41.073	0.871
3.740	44.001	-47.575	39.172	0.867
3.740	44.688	-46.859	37.493	0.861
3.750	45.199	-46.210	35.997	0.856
3.750	45.644	-45.634	34.573	0.850
3.760	45.916	-44.966	33.208	0.845
3.760	46.131	-44.133	31.807	0.839
3.770	46.319	-43.243	30.386	0.832
3.770	46.404	-42.301	29.072	0.823
3.780	46.493	-41.322	27.739	0.815
3.780	46.505	-40.295	26.451	0.805
3.790	46.416	-39.132	25.187	0.795
3.790	46.334	-37.963	23.853	0.783
3.800	46.297	-36.785	22.484	0.771
3.800	46.218	-35.548	21.212	0.758
3.810	46.074	-34.234	19.918	0.744
3.810	45.943	-32.894	18.576	0.729
3.820	45.895	-31.649	17.240	0.714
3.820	45.779	-30.554	16.089	0.698
3.830	45.665	-29.533	15.002	0.685
3.830	45.447	-28.464	14.126	0.672
3.840	45.284	-27.372	13.364	0.658
3.840	44.992	-26.301	12.766	0.645
3.850	44.563	-25.150	12.212	0.632
3.850	44.054	-23.979	11.641	0.618
3.860	43.499	-22.733	11.013	0.603
3.860	43.068	-21.501	10.258	0.586
3.870	42.720	-20.371	9.469	0.569
3.870	42.298	-19.291	8.834	0.553
3.880	41.918	-18.245	8.277	0.538
3.880	41.551	-17.251	7.830	0.524
3.890	41.115	-16.261	7.468	0.510
3.890	40.618	-15.314	7.129	0.497
3.900	40.023	-14.371	6.775	0.483
3.900	39.276	-13.398	6.313	0.469
3.910	38.539	-12.485	5.696	0.453
3.910	37.675	-11.673	5.049	0.437
3.920	36.671	-10.874	4.369	0.421
3.920	35.466	-10.003	3.696	0.403
3.930	34.234	-9.064	3.066	0.384
3.930	33.025	-8.196	2.539	0.363
3.940	31.918	-7.414	2.168	0.344
3.940	30.946	-6.709	1.983	0.327
3.950	30.001	-5.988	1.951	0.313
3.950	28.948	-5.257	1.977	0.300
3.960	27.700	-4.525	1.965	0.286
3.960	26.393	-3.816	1.998	0.270
3.970	24.932	-3.111	1.937	0.254
3.970	23.470	-2.449	1.753	0.237
3.980	22.002	-1.883	1.601	0.219
3.980	20.613	-1.366	1.570	0.203
3.990	19.429	-0.841	1.774	0.188
3.990	18.277	-0.236	2.118	0.175
4.000	17.040	0.518	2.410	0.164
4.000	15.562	1.453	2.471	0.149
4.010	13.946	2.499	2.424	0.130
4.010	12.218	3.583	2.205	0.107
4.020	10.513	4.592	1.999	0.082
4.020	8.952	5.448	1.741	0.058
4.030	7.806	6.185	1.641	0.036
4.030	6.714	6.726	1.813	0.019
4.040	5.723	7.200	2.137	0.007
4.040	4.852	7.542	2.604	-0.003
4.050	3.943	7.827	3.049	-0.009
4.050	3.056	8.156	3.593	-0.016
4.060	2.207	8.567	4.245	-0.021
4.060	1.409	9.094	4.896	-0.027
4.070	0.275	9.731	5.286	-0.033
4.070	-1.008	10.527	5.527	-0.045
4.080	-2.413	11.447	5.726	-0.061
4.080	-3.868	12.487	6.175	-0.079
4.090	-5.338	13.507	6.697	-0.097
4.090	-6.604	14.327	7.396	-0.114
4.100	-7.608	14.808	8.220	-0.127
4.100	-8.380	14.983	9.010	-0.133
4.110	-9.201	15.029	9.493	-0.134
4.110	-10.097	15.036	9.597	-0.137
4.120	-11.276	15.131	9.400	-0.143
4.120	-12.735	15.324	8.996	-0.155
4.130	-14.443	15.683	8.599	-0.171
4.130	-16.343	16.177	8.292	-0.190
4.140	-18.111	16.780	8.462	-0.212
4.140	-19.656	17.390	8.995	-0.231
4.150	-20.860	17.870	9.643	-0.244
4.150	-21.667	18.044	10.189	-0.253
4.160	-22.204	17.983	10.546	-0.256
4.160	-22.939	17.832	10.506	-0.257
4.170	-23.905	17.707	10.177	-0.262
4.170	-24.956	17.576	9.730	-0.272
4.180	-26.239	17.477	9.285	-0.283
4.180	-27.785	17.537	8.909	-0.296
4.190	-29.278	17.735	8.832	-0.313
4.190	-30.492	17.939	9.051	-0.327
4.200	-31.603	18.045	9.274	-0.337
4.200	-32.658	18.155	9.509	-0.346
4.210	-33.772	18.213	9.540	-0.354
4.210	-34.893	18.254	9.257	-0.363
4.220	-35.922	18.253	8.783	-0.376
4.220	-37.023	18.250	8.261	-0.389
4.230	-38.320	18.332	7.754	-0.403
4.230	-39.807	18.488	7.254	-0.420
4.240	-41.449	18.638	6.774	-0.438
4.240	-43.125	18.769	6.296	-0.458
4.250	-44.730	18.838	5.926	-0.479
4.250	-46.077	18.801	5.638	-0.497
4.260	-47.187	18.661	5.388	-0.512
4.260	-48.272	18.468	5.006	-0.524
4.270	-49.460	18.310	4.531	-0.536
4.270	-50.550	18.162	3.998	-0.551
4.280	-51.979	18.007	3.222	-0.566
4.280	-53.225	17.877	2.496	-0.586
4.290	-54.335	17.811	1.830	-0.604
4.290	-55.402	17.727	1.243	-0.621
4.300	-56.391	17.612	0.753	-0.637
4.300	-57.210	17.490	0.387	-0.651
4.310	-58.079	17.361	0.113	-0.662
4.310	-58.948	17.214	-0.038	-0.673
4.320	-60.040	16.963	-0.310	-0.683
4.320	-61.157	16.684	-0.627	-0.695
4.330	-62.346	16.398	-0.976	-0.709
4.330	-63.403	16.100	-1.367	-0.724
4.340	-64.332	15.765	-1.830	-0.737
4.340	-65.137	15.430	-2.273	-0.751
4.350	-65.680	15.119	-2.650	-0.763
4.350	-66.225	14.844	-3.022	-0.771
4.360	-67.058	14.541	-3.466	-0.780
4.360	-68.033	14.283	-3.940	-0.793
4.370	-68.995	14.055	-4.369	-0.808
4.370	-70.015	13.914	-4.879	-0.822
4.380	-71.045	14.042	-5.519	-0.838
4.380	-72.294	14.167	-6.175	-0.856
4.390	-73.530	14.252	-6.769	-0.877
4.390	-74.790	14.324	-7.317	-0.896
4.400	-76.048	14.299	-7.821	-0.916
4.400	-77.068	14.227	-8.263	-0.934
4.410	-78.030	14.146	-8.593	-0.950
4.410	-79.017	14.071	-8.830	-0.964
4.420	-80.077	14.041	-9.059	-0.977
4.420	-80.865	14.076	-9.205	-0.991
4.430	-81.914	14.040	-9.540	-1.001
4.430	-83.127	13.994	-10.014	-1.016
4.440	-84.060	14.059	-10.392	-1.034
4.440	-84.730	14.111	-10.707	-1.048
4.450	-85.137	14.170	-11.030	-1.058
4.450	-85.328	14.269	-11.301	-1.066
4.460	-85.296	14.427	-11.553	-1.071
4.460	-85.266	14.590	-11.837	-1.073
4.470	-85.270	14.753	-12.122	-1.076
4.470	-85.347	14.952	-12.392	-1.079
4.480	-85.499	15.190	-12.691	-1.082
4.480	-85.662	15.478	-12.961	-1.087
4.490	-86.134	15.785	-13.299	-1.091
4.490	-86.703	16.090	-13.660	-1.099
4.500	-87.234	16.370	-13.942	-1.109
4.500	-87.522	16.644	-14.053	-1.117
4.510	-87.681	16.866	-14.035	-1.120
4.510	-87.776	17.037	-13.971	-1.122
4.520	-87.733	17.209	-13.863	-1.122
4.520	-87.762	17.372	-13.827	-1.120
4.530	-87.931	17.568	-13.918	-1.120
4.530	-88.311	17.827	-14.134	-1.122
4.540	-88.717	18.171	-14.382	-1.128
4.540	-89.349	18.548	-14.707	-1.134
4.550	-90.151	19.005	-15.121	-1.143
4.550	-90.809	19.506	-15.505	-1.154
4.560	-91.101	20.050	-15.772	-1.164
4.560	-91.101	20.523	-15.896	-1.168
4.570	-91.041	20.934	-15.997	-1.168
4.570	-90.816	21.478	-16.145	-1.168
4.580	-90.540	22.114	-16.380	-1.166
4.580	-90.033	22.869	-16.572	-1.164
4.590	-89.224	23.738	-16.579	-1.160
4.590	-87.988	24.707	-16.313	-1.150
4.600	-86.598	25.693	-15.835	-1.134
4.600	-85.420	26.679	-15.304	-1.115
4.610	-84.558	27.531	-14.845	-1.098
4.610	-83.734	28.264	-14.391	-1.085
4.620	-82.552	29.016	-13.838	-1.073
4.620	-81.354	29.650	-13.313	-1.057
4.630	-80.303	30.254	-12.885	-1.041
4.630	-79.186	30.865	-12.455	-1.028
4.640	-77.827	31.528	-11.846	-1.014
4.640	-76.103	32.192	-11.002	-0.997
4.650	-74.074	32.859	-9.860	-0.976
4.650	-71.555	33.590	-8.400	-0.949
4.660	-68.525	34.270	-6.651	-0.917
4.660	-65.336	34.825	-4.846	-0.879
4.670	-62.609	35.261	-3.379	-0.841
4.670	-60.511	35.642	-2.322	-0.809
4.680	-58.569	36.056	-1.309	-0.785
4.680	-56.528	36.489	-0.167	-0.764
4.690	-54.348	36.851	1.218	-0.742
4.690	-52.080	37.184	2.838	-0.717
4.700	-49.894	37.404	4.457	-0.690
4.700	-47.502	37.448	6.041	-0.664
4.710	-44.917	37.335	7.441	-0.636
4.710	-42.666	37.143	8.617	-0.607
4.720	-40.837	37.044	9.651	-0.582
4.720	-39.274	37.113	10.582	-0.562
4.730	-37.699	37.276	11.578	-0.546
4.730	-35.908	37.362	12.795	-0.530
4.740	-34.001	37.370	14.304	-0.511
4.740	-31.955	37.273	16.007	-0.490
4.750	-29.581	37.001	17.690	-0.465
4.750	-26.921	36.643	19.067	-0.438
4.760	-24.561	35.892	20.161	-0.410
4.760	-22.566	35.123	21.313	-0.382
4.770	-20.785	34.490	22.505	-0.355
4.770	-18.968	33.897	23.767	-0.332
4.780	-17.248	33.362	25.084	-0.308
4.780	-15.594	32.810	26.412	-0.285
4.790	-13.859	32.181	27.601	-0.262
4.790	-12.214	31.521	28.443	-0.239
4.800	-10.781	30.752	29.105	-0.219
4.800	-9.553	29.867	29.701	-0.199
4.810	-8.339	28.960	30.332	-0.178
4.810	-7.071	28.032	30.966	-0.158
4.820	-5.764	27.011	31.662	-0.137
4.820	-4.471	25.851	32.472	-0.114
4.830	-3.076	24.477	33.406	-0.090
4.830	-1.838	23.045	34.050	-0.061
4.840	-0.725	21.656	34.387	-0.034
4.840	0.262	20.420	34.617	-0.010
4.850	1.221	19.415	34.944	0.012
4.850	2.251	18.567	35.382	0.030
4.860	3.466	17.635	36.047	0.048
4.860	4.840	16.532	36.990	0.068
4.870	6.445	15.145	38.086	0.092
4.870	8.060	13.683	38.847	0.121
4.880	9.484	12.288	39.225	0.149
4.880	10.707	10.972	39.385	0.174
4.890	11.814	9.635	39.431	0.196
4.890	12.873	8.384	39.439	0.217
4.900	13.898	7.273	39.478	0.237
4.900	15.094	6.104	39.611	0.255
4.910	16.482	4.784	39.860	0.274
4.910	18.033	3.323	40.221	0.296
4.920	19.713	1.781	40.484	0.320
4.920	21.424	0.273	40.472	0.345
4.930	23.060	-1.240	40.348	0.369
4.930	24.468	-2.675	40.092	0.391
4.940	25.662	-3.960	39.788	0.411
4.940	26.813	-5.142	39.503	0.429
4.950	27.915	-6.254	39.343	0.445
4.950	29.167	-7.489	39.256	0.460
4.960	30.449	-8.726	39.124	0.477
4.960	31.818	-9.932	38.927	0.494
4.970	33.224	-11.111	38.605	0.510
4.970	34.334	-12.057	38.325	0.525
4.980	35.105	-12.833	38.103	0.537
4.980	35.739	-13.513	37.871	0.547
4.990	36.223	-14.101	37.696	0.555
4.990	36.832	-14.848	37.533	0.562
5.000	37.524	-15.743	37.324	0.570
5.000	38.410	-16.711	36.957	0.581
5.010	39.372	-17.622	36.446	0.592
5.010	40.117	-18.241	36.007	0.602
5.020	40.751	-18.732	35.669	0.609
5.020	41.180	-19.097	35.429	0.614
5.030	41.503	-19.369	35.270	0.618
5.030	41.840	-19.637	35.127	0.621
5.040	42.257	-19.970	35.049	0.624
5.040	42.979	-20.514	34.762	0.628
5.050	43.804	-21.113	34.268	0.634
5.050	44.620	-21.642	33.716	0.640
5.060	45.407	-22.164	33.266	0.646
5.060	45.963	-22.553	33.011	0.652
5.070	46.535	-22.986	32.725	0.656
5.070	47.040	-23.392	32.468	0.660
5.080	47.483	-23.823	32.320	0.665
5.080	48.079	-24.348	32.048	0.669
5.090	48.773	-24.901	31.644	0.674
5.090	49.530	-25.445	31.189	0.680
5.100	50.395	-25.876	30.691	0.685
5.100	51.196	-26.270	30.274	0.690
5.110	51.828	-26.622	30.073	0.694
5.110	52.497	-27.033	29.867	0.698
5.120	53.059	-27.411	29.701	0.702
5.120	53.496	-27.747	29.585	0.706
5.130	53.969	-28.084	29.387	0.709
5.130	54.459	-28.375	29.104	0.712
5.140	55.141	-28.721	28.688	0.715
5.140	56.068	-29.135	28.064	0.718
5.150	56.973	-29.474	27.453	0.722
5.150	57.900	-29.785	26.928	0.725
5.160	58.641	-29.992	26.598	0.728
5.160	58.965	-30.164	26.518	0.730
5.170	59.199	-30.295	26.413	0.732
5.170	59.458	-30.410	26.193	0.733
5.180	59.820	-30.490	25.798	0.734
5.180	60.179	-30.548	25.382	0.735
5.190	60.490	-30.610	25.000	0.736
5.190	60.805	-30.669	24.645	0.736
5.200	61.179	-30.761	24.234	0.736
5.200	61.387	-30.810	23.959	0.737
5.210	61.438	-30.824	23.813	0.738
5.210	61.379	-30.839	23.794	0.738
5.220	61.233	-30.821	23.858	0.738
5.220	61.057	-30.746	23.937	0.738
5.230	60.865	-30.651	23.993	0.737
5.230	60.666	-30.531	24.025	0.736
5.240	60.527	-30.415	23.953	0.735
5.240	60.395	-30.287	23.796	0.734
5.250	60.211	-30.161	23.650	0.732
5.250	60.027	-30.061	23.445	0.731
5.260	59.895	-29.943	23.213	0.730
5.260	59.757	-29.833	22.980	0.728
5.270	59.490	-29.678	22.832	0.727
5.270	59.037	-29.510	22.834	0.725
5.280	58.399	-29.259	22.928	0.723
5.280	57.711	-28.928	23.017	0.721
5.290	57.072	-28.612	23.054	0.717
5.290	56.552	-28.321	22.999	0.713
5.300	56.051	-28.069	22.874	0.710
5.300	55.626	-27.851	22.675	0.707
5.310	55.297	-27.660	22.404	0.704
5.310	55.024	-27.484	22.122	0.701
5.320	54.827	-27.308	21.802	0.699
5.320	54.588	-27.154	21.483	0.696
5.330	54.301	-26.970	21.263	0.694
5.330	53.900	-26.735	21.104	0.691
5.340	53.310	-26.445	21.024	0.688
5.340	52.609	-26.116	20.965	0.684
5.350	51.903	-25.710	20.870	0.680
5.350	51.154	-25.294	20.797	0.674
5.360	50.325	-24.813	20.787	0.669
5.360	49.449	-24.315	20.827	0.662
5.370	48.603	-23.869	20.841	0.655
5.370	47.769	-23.457	20.832	0.649
5.380	46.966	-23.068	20.756	0.643
5.380	46.163	-22.672	20.603	0.637
5.390	45.296	-22.312	20.439	0.631
5.390	44.398	-21.880	20.228	0.624
5.400	43.303	-21.386	20.127	0.616
5.400	42.111	-20.859	20.111	0.608
5.410	40.920	-20.241	20.163	0.599
5.410	39.678	-19.560	20.299	0.589
5.420	38.446	-18.862	20.395	0.578
5.420	37.305	-18.220	20.387	0.567
5.430	36.237	-17.664	20.268	0.556
5.430	35.054	-17.127	20.175	0.546
5.440	33.761	-16.552	20.145	0.536
5.440	32.507	-15.954	20.116	0.524
5.450	31.124	-15.318	20.112	0.513
5.450	29.724	-14.738	20.022	0.500
5.460	28.362	-14.167	19.795	0.487
5.460	27.006	-13.613	19.500	0.474
5.470	25.750	-13.108	19.155	0.460
5.470	24.504	-12.616	18.794	0.447
5.480	23.263	-12.153	18.421	0.433
5.480	22.073	-11.791	18.039	0.420
5.490	20.935	-11.481	17.722	0.407
5.490	19.866	-11.223	17.435	0.396
5.500	18.891	-11.019	17.195	0.385
5.500	17.903	-10.816	16.980	0.376
5.510	16.926	-10.662	16.744	0.366
5.510	15.964	-10.553	16.445	0.357
5.520	14.963	-10.359	16.034	0.348
5.520	13.998	-10.191	15.622	0.337
5.530	13.169	-9.909	15.107	0.326
5.530	12.386	-9.671	14.603	0.314
5.540	11.416	-9.504	14.231	0.303
5.540	10.562	-9.142	13.965	0.292
5.550	10.050	-8.689	13.692	0.281
5.550	9.660	-8.353	13.306	0.271
5.560	9.290	-8.153	12.823	0.262
5.560	8.993	-7.995	12.324	0.254
5.570	8.667	-7.736	11.921	0.246
5.570	8.251	-7.485	11.673	0.238
5.580	7.907	-7.186	11.487	0.231
5.580	7.651	-6.947	11.243	0.224
5.590	7.532	-6.743	10.867	0.218
5.590	7.465	-6.509	10.348	0.212
5.600	7.481	-6.311	9.791	0.206
5.600	7.509	-5.839	9.376	0.200
5.610	7.457	-5.454	9.075	0.192
5.610	7.318	-5.262	8.729	0.186
5.620	7.187	-5.100	8.399	0.180
5.620	7.078	-4.949	8.108	0.175
5.630	6.957	-4.826	7.864	0.171
5.630	6.863	-4.721	7.665	0.167
5.640	6.758	-4.575	7.463	0.164
5.640	6.608	-4.382	7.251	0.160
5.650	6.422	-4.155	6.995	0.155
5.650	6.232	-3.964	6.728	0.149
5.660	6.093	-3.851	6.412	0.144
5.660	5.987	-3.798	6.005	0.139
5.670	5.921	-3.753	5.591	0.135
5.670	5.882	-3.724	5.220	0.131
5.680	5.833	-3.727	4.890	0.127
5.680	5.696	-3.748	4.639	0.124
5.690	5.540	-3.823	4.439	0.121
5.690	5.396	-3.920	4.273	0.119
5.700	5.266	-3.983	4.092	0.117
5.700	5.152	-4.032	3.866	0.115
5.710	5.040	-4.110	3.531	0.113
5.710	4.908	-4.197	3.129	0.110
5.720	4.888	-3.835	2.609	0.106
5.720	4.772	-3.484	2.118	0.098
5.730	4.610	-3.043	1.633	0.090
5.730	4.454	-2.472	1.222	0.081
5.740	4.246	-1.817	1.058	0.071
5.740	3.908	-1.089	0.987	0.062
5.750	3.602	-0.504	0.814	0.052
5.750	3.187	-0.014	0.487	0.042
5.760	2.881	0.643	0.226	0.032
5.760	2.535	1.460	0.137	0.021
5.770	2.099	2.220	-0.002	0.010
5.770	1.685	2.911	-0.158	-0.002
5.780	1.298	3.642	-0.196	-0.013
5.780	0.880	4.253	-0.142	-0.023
5.790	0.473	4.686	-0.151	-0.032
5.790	0.077	4.982	-0.189	-0.039
5.800	-0.220	5.228	-0.330	-0.045
5.800	-0.497	5.386	-0.544	-0.051
5.810	-0.707	5.470	-0.770	-0.057
5.810	-0.727	5.840	-0.886	-0.061
5.820	-0.797	6.261	-1.014	-0.066
5.820	-0.790	6.656	-1.094	-0.071
5.830	-0.822	7.065	-1.060	-0.075
5.830	-0.876	7.573	-0.933	-0.079
5.840	-0.843	7.974	-0.840	-0.083
5.840	-0.756	8.107	-0.803	-0.086
5.850	-0.625	8.282	-0.746	-0.086
5.850	-0.681	8.438	-0.574	-0.086
5.860	-0.852	8.721	-0.251	-0.086
5.860	-1.330	8.537	0.136	-0.088
5.870	-1.566	8.460	0.143	-0.087
5.870	-1.664	8.642	0.131	-0.088
5.880	-1.833	8.743	0.148	-0.091
5.880	-1.922	8.750	0.065	-0.093
5.890	-1.999	8.753	-0.104	-0.094
5.890	-2.021	8.665	0.014	-0.096
5.900	-2.148	8.348	0.187	-0.095
5.900	-2.203	8.138	0.169	-0.091
5.910	-2.223	7.971	0.066	-0.090
5.910	-2.283	7.807	0.053	-0.090
5.920	-2.279	7.665	0.134	-0.089
5.920	-2.199	7.475	0.243	-0.087
5.930	-2.184	7.219	0.342	-0.083
5.930	-2.281	6.958	0.363	-0.080
5.940	-2.470	6.716	0.230	-0.078
5.940	-2.761	6.465	-0.007	-0.079
5.950	-2.999	6.212	-0.365	-0.081
5.950	-3.135	5.939	-0.606	-0.084
5.960	-3.186	5.761	-0.722	-0.085
5.960	-3.165	5.509	-0.759	-0.084
5.970	-3.142	5.288	-0.702	-0.082
5.970	-3.280	5.126	-0.606	-0.080
5.980	-3.633	4.943	-0.578	-0.079
5.980	-4.101	4.712	-0.603	-0.080
5.990	-4.536	4.456	-0.647	-0.082
5.990	-4.944	4.167	-0.604	-0.084
6.000	-5.298	3.822	-0.557	-0.085
6.000	-5.618	3.491	-0.690	-0.085
6.010	-5.884	3.239	-0.906	-0.086
6.010	-6.080	3.060	-0.910	-0.088
6.020	-6.274	2.965	-0.656	-0.088
6.020	-6.498	2.837	-0.409	-0.087
6.030	-6.677	2.694	-0.074	-0.086
6.030	-6.819	2.655	0.269	-0.083
6.040	-6.924	2.480	0.516	-0.081
6.040	-7.034	2.157	0.668	-0.078
6.050	-7.073	1.840	0.789	-0.075
6.050	-7.177	1.532	0.797	-0.072
6.060	-7.233	1.281	0.786	-0.070
6.060	-7.294	1.211	0.774	-0.068
6.070	-7.234	1.539	0.859	-0.068
6.070	-6.971	2.279	1.314	-0.070
6.080	-6.729	3.027	2.288	-0.070
6.080	-6.574	3.256	2.061	-0.065
6.090	-6.509	2.936	1.883	-0.068
6.090	-6.516	2.839	2.174	-0.066
6.100	-6.483	2.577	2.224	-0.063
6.100	-6.456	2.331	2.164	-0.060
6.110	-6.308	2.097	2.153	-0.058
6.110	-6.133	1.865	2.088	-0.055
6.120	-5.976	1.740	2.089	-0.052
6.120	-5.922	1.624	2.111	-0.049
6.130	-5.834	1.548	2.110	-0.048
6.130	-5.687	1.517	2.122	-0.046
6.140	-5.490	1.509	2.116	-0.044
6.140	-5.112	1.665	2.131	-0.043
6.150	-4.743	1.786	2.010	-0.041
6.150	-4.548	1.755	1.795	-0.039
6.160	-4.464	1.793	1.696	-0.039
6.160	-4.429	1.817	1.649	-0.040
6.170	-4.415	1.800	1.634	-0.040
6.170	-4.474	1.751	1.657	-0.040
6.180	-4.500	1.775	1.687	-0.040
6.180	-4.493	1.803	1.681	-0.040
6.190	-4.488	1.828	1.680	-0.040
6.190	-4.488	1.818	1.622	-0.040
6.200	-4.470	1.762	1.530	-0.041
6.200	-4.447	1.691	1.446	-0.041
6.210	-4.405	1.602	1.422	-0.041
6.210	-4.292	1.514	1.447	-0.040
6.220	-4.167	1.444	1.428	-0.038
6.220	-4.000	1.404	1.449	-0.037
6.230	-3.878	1.432	1.485	-0.035
6.230	-3.867	1.451	1.495	-0.033
6.240	-3.917	1.430	1.513	-0.033
6.240	-3.965	1.357	1.486	-0.033
6.250	-4.006	1.262	1.440	-0.034
6.250	-4.031	1.151	1.380	-0.033
6.260	-4.008	1.014	1.338	-0.033
6.260	-3.922	0.902	1.312	-0.032
6.270	-3.780	0.803	1.301	-0.031
6.270	-3.680	0.759	1.294	-0.029
6.280	-3.578	0.714	1.263	-0.028
6.280	-3.511	0.725	1.266	-0.027
6.290	-3.508	0.743	1.277	-0.026
6.290	-3.510	0.702	1.260	-0.026
6.300	-3.482	0.612	1.210	-0.026
6.300	-3.438	0.520	1.188	-0.025
6.310	-3.416	0.454	1.219	-0.024
6.310	-3.428	0.394	1.275	-0.023
6.320	-3.534	0.325	1.286	-0.022
6.320	-3.618	0.233	1.246	-0.023
6.330	-3.724	0.149	1.154	-0.023
6.330	-3.810	0.048	1.034	-0.024
6.340	-3.914	-0.073	0.972	-0.025
6.340	-3.954	-0.159	0.954	-0.025
6.350	-3.987	-0.206	1.018	-0.025
6.350	-4.051	-0.288	1.138	-0.024
6.360	-4.125	-0.324	1.210	-0.023
6.360	-4.286	-0.352	1.282	-0.023
6.370	-4.426	-0.380	1.287	-0.024
6.370	-4.543	-0.420	1.234	-0.025
6.380	-4.667	-0.500	1.173	-0.026
6.380	-4.751	-0.558	1.142	-0.027
6.390	-4.832	-0.618	1.119	-0.027
6.390	-4.907	-0.733	1.068	-0.028
6.400	-4.970	-0.833	1.035	-0.028
6.400	-4.977	-0.919	1.007	-0.028
6.410	-4.981	-0.966	0.943	-0.028
6.410	-4.941	-1.001	0.886	-0.028
6.420	-4.894	-1.048	0.881	-0.028
6.420	-4.837	-1.068	0.884	-0.027
6.430	-4.769	-1.111	0.884	-0.026
6.430	-4.695	-1.175	0.893	-0.025
6.440	-4.601	-1.237	0.883	-0.024
6.440	-4.534	-1.319	0.856	-0.023
6.450	-4.474	-1.379	0.852	-0.022
6.450	-4.390	-1.433	0.898	-0.021
6.460	-4.321	-1.488	0.985	-0.019
6.460	-4.297	-1.582	1.082	-0.017
6.470	-4.277	-1.748	1.177	-0.015
6.470	-4.308	-1.849	1.289	-0.013
6.480	-4.400	-1.931	1.340	-0.011
6.480	-4.464	-2.043	1.344	-0.011
6.490	-4.536	-2.154	1.372	-0.010
6.490	-4.595	-2.288	1.402	-0.010
6.500	-4.635	-2.413	1.393	-0.009
6.500	-4.658	-2.567	1.385	-0.008
6.510	-4.468	-2.456	1.393	-0.007
6.510	-4.357	-2.321	1.389	-0.007
6.520	-4.330	-2.218	1.355	-0.007
6.520	-4.335	-2.115	1.304	-0.008
6.530	-4.277	-2.033	1.246	-0.009
6.530	-4.267	-1.951	1.253	-0.010
6.540	-4.278	-1.886	1.320	-0.010
6.540	-4.299	-1.824	1.387	-0.010
6.550	-4.310	-1.754	1.427	-0.010
6.550	-4.135	-1.692	1.432	-0.011
6.560	-3.962	-1.663	1.434	-0.010
6.560	-3.806	-1.627	1.440	-0.008
6.570	-3.633	-1.569	1.472	-0.007
6.570	-3.450	-1.523	1.509	-0.006
6.580	-3.238	-1.454	1.506	-0.004
6.580	-3.202	-1.438	1.534	-0.003
6.590	-3.170	-1.445	1.567	-0.002
6.590	-3.134	-1.434	1.590	-0.002
6.600	-3.064	-1.410	1.606	-0.001
6.600	-3.069	-1.411	1.612	-0.001
6.610	-3.059	-1.400	1.622	-0.001
6.610	-3.034	-1.387	1.663	-0.001
6.620	-3.026	-1.384	1.710	-0.000
6.620	-3.026	-1.405	1.737	0.000
6.630	-3.039	-1.410	1.763	0.001
6.630	-3.033	-1.417	1.835	0.001
6.640	-3.036	-1.423	1.985	0.002
6.640	-3.037	-1.419	2.222	0.003
6.650	-3.027	-1.424	2.480	0.005
6.650	-3.027	-1.424	2.605	0.008
6.660	-3.034	-1.436	2.642	0.009
6.660	-3.038	-1.445	2.658	0.009
6.670	-3.055	-1.448	2.664	0.009
6.670	-3.064	-1.466	2.698	0.009
6.680	-3.045	-1.472	2.796	0.009
6.680	-3.036	-1.474	2.898	0.011
6.690	-3.014	-1.462	2.971	0.012
6.690	-3.024	-1.467	2.995	0.012
6.700	-3.021	-1.479	2.985	0.012
6.700	-3.028	-1.492	2.982	0.013
6.710	-3.033	-1.486	2.984	0.013
6.710	-3.020	-1.496	2.972	0.012
6.720	-3.032	-1.495	2.985	0.013
6.720	-3.042	-1.496	2.975	0.013
6.730	-3.058	-1.517	2.976	0.012
6.730	-3.067	-1.515	2.979	0.012
6.740	-3.070	-1.518	2.924	0.012
6.740	-3.068	-1.511	2.815	0.012
6.750	-3.081	-1.521	2.727	0.011
6.750	-3.097	-1.520	2.655	0.010
6.760	-3.099	-1.530	2.620	0.009
6.760	-3.080	-1.534	2.585	0.009
6.770	-3.080	-1.543	2.555	0.009
6.770	-3.087	-1.527	2.532	0.009
6.780	-3.091	-1.535	2.535	0.008
6.780	-3.094	-1.530	2.534	0.008
6.790	-3.088	-1.536	2.540	0.008
6.790	-3.087	-1.531	2.555	0.008
6.800	-3.097	-1.533	2.555	0.009
6.800	-3.113	-1.546	2.555	0.008
6.810	-3.123	-1.542	2.569	0.008
6.810	-3.131	-1.549	2.506	0.008
6.820	-3.130	-1.541	2.430	0.008
6.820	-3.135	-1.542	2.404	0.007
6.830	-3.134	-1.561	2.404	0.007
6.830	-3.139	-1.569	2.388	0.007
6.840	-3.137	-1.574	2.377	0.007
6.840	-3.130	-1.573	2.394	0.007
6.850	-3.154	-1.579	2.393	0.007
6.850	-3.158	-1.590	2.398	0.007
6.860	-3.156	-1.601	2.404	0.007
6.860	-3.172	-1.608	2.396	0.007
6.870	-3.174	-1.614	2.375	0.007
6.870	-3.176	-1.620	2.387	0.007
6.880	-3.180	-1.634	2.393	0.007
6.880	-3.176	-1.628	2.378	0.007
6.890	-3.163	-1.637	2.381	0.007
6.890	-3.153	-1.632	2.393	0.007
6.900	-3.168	-1.640	2.398	0.007
6.900	-3.179	-1.635	2.402	0.007
6.910	-3.188	-1.646	2.400	0.007
6.910	-3.197	-1.646	2.402	0.007
6.920	-3.201	-1.653	2.405	0.007
6.920	-3.193	-1.658	2.400	0.007
6.930	-3.212	-1.669	2.406	0.007
6.930	-3.216	-1.668	2.393	0.007
6.940	-3.225	-1.669	2.389	0.007
6.940	-3.223	-1.674	2.407	0.007
6.950	-3.218	-1.690	2.411	0.007
6.950	-3.238	-1.700	2.406	0.007
6.960	-3.245	-1.704	2.398	0.007
6.960	-3.243	-1.709	2.393	0.007
6.970	-3.245	-1.724	2.404	0.007
6.970	-3.245	-1.722	2.398	0.007
6.980	-3.256	-1.738	2.396	0.007
6.980	-3.259	-1.752	2.399	0.007
6.990	-3.250	-1.766	2.417	0.008
6.990	-3.250	-1.768	2.429	0.008
7.000	-3.254	-1.768	2.438	0.008
7.000	-3.257	-1.777	2.445	0.008
7.010	-3.275	-1.788	2.453	0.008
7.010	-3.289	-1.799	2.451	0.008
7.020	-3.282	-1.809	2.458	0.008
7.020	-3.283	-1.825	2.471	0.008
7.030	-3.293	-1.832	2.480	0.009
7.030	-3.305	-1.845	2.500	0.009
7.040	-3.308	-1.852	2.513	0.009
7.040	-3.322	-1.849	2.506	0.009
7.050	-3.318	-1.841	2.508	0.009
7.050	-3.318	-1.837	2.515	0.009
7.060	-3.321	-1.846	2.506	0.009
7.060	-3.325	-1.859	2.511	0.009
7.070	-3.347	-1.871	2.520	0.009
7.070	-3.344	-1.882	2.529	0.009
7.080	-3.355	-1.883	2.519	0.009
7.080	-3.373	-1.885	2.529	0.009
7.090	-3.388	-1.897	2.528	0.009
7.090	-3.386	-1.903	2.522	0.009
7.100	-3.388	-1.908	2.516	0.009
7.100	-3.388	-1.908	2.524	0.009
7.110	-3.403	-1.928	2.526	0.009
7.110	-3.423	-1.944	2.525	0.009
7.120	-3.436	-1.947	2.530	0.009
7.120	-3.436	-1.945	2.532	0.009
7.130	-3.455	-1.958	2.533	0.009
7.130	-3.459	-1.968	2.546	0.009
7.140	-3.464	-1.978	2.553	0.009
7.140	-3.471	-1.976	2.555	0.009
7.150	-3.485	-1.981	2.562	0.009
7.150	-3.494	-1.975	2.567	0.009
7.160	-3.503	-1.982	2.566	0.009
7.160	-3.486	-1.980	2.551	0.009
7.170	-3.485	-1.984	2.554	0.009
7.170	-3.465	-1.981	2.562	0.009
7.180	-3.472	-1.981	2.573	0.009
7.180	-3.480	-1.986	2.570	0.009
7.190	-3.487	-1.990	2.575	0.009
7.190	-3.482	-1.994	2.583	0.009
7.200	-3.487	-2.003	2.576	0.009
7.200	-3.515	-2.000	2.569	0.009
7.210	-3.536	-2.008	2.572	0.009
7.210	-3.538	-2.015	2.577	0.009
7.220	-3.527	-2.013	2.578	0.009
7.220	-3.528	-2.013	2.579	0.009
7.230	-3.549	-2.027	2.580	0.009
7.230	-3.565	-2.032	2.579	0.009
7.240	-3.584	-2.056	2.593	0.009
7.240	-3.578	-2.063	2.599	0.009
7.250	-3.572	-2.062	2.591	0.009
7.250	-3.570	-2.051	2.593	0.009
7.260	-3.572	-2.061	2.599	0.009
7.260	-3.575	-2.051	2.593	0.009
7.270	-3.583	-2.050	2.601	0.009
7.270	-3.577	-2.044	2.587	0.009
7.280	-3.583	-2.038	2.596	0.009
7.280	-3.594	-2.048	2.599	0.009
7.290	-3.597	-2.061	2.600	0.009
7.290	-3.598	-2.065	2.611	0.009
7.300	-3.609	-2.066	2.602	0.009
7.300	-3.627	-2.075	2.602	0.009
7.310	-3.643	-2.099	2.607	0.009
7.310	-3.666	-2.108	2.608	0.009
7.320	-3.680	-2.126	2.617	0.009
7.320	-3.695	-2.137	2.631	0.009
7.330	-3.707	-2.145	2.629	0.009
7.330	-3.720	-2.147	2.630	0.009
7.340	-3.729	-2.148	2.641	0.009
7.340	-3.735	-2.150	2.649	0.009
7.350	-3.720	-2.143	2.648	0.009
7.350	-3.727	-2.147	2.650	0.009
7.360	-3.731	-2.154	2.651	0.009
7.360	-3.740	-2.155	2.651	0.009
7.370	-3.744	-2.161	2.654	0.009
7.370	-3.752	-2.156	2.655	0.009
7.380	-3.749	-2.166	2.652	0.009
7.380	-3.749	-2.172	2.668	0.009
7.390	-3.760	-2.181	2.664	0.009
7.390	-3.754	-2.188	2.663	0.009
7.400	-3.755	-2.184	2.666	0.009
7.400	-3.761	-2.182	2.682	0.009
7.410	-3.771	-2.208	2.696	0.009
7.410	-3.779	-2.221	2.696	0.009
7.420	-3.783	-2.224	2.695	0.010
7.420	-3.790	-2.231	2.682	0.009
7.430	-3.786	-2.246	2.671	0.009
7.430	-3.799	-2.273	2.676	0.009
7.440	-3.815	-2.282	2.675	0.010
7.440	-3.808	-2.295	2.676	0.010
7.450	-3.801	-2.301	2.675	0.010
7.450	-3.808	-2.305	2.685	0.010
7.460	-3.820	-2.296	2.688	0.010
7.460	-3.831	-2.315	2.694	0.010
7.470	-3.826	-2.308	2.699	0.010
7.470	-3.838	-2.313	2.697	0.010
7.480	-3.836	-2.303	2.705	0.010
7.480	-3.851	-2.298	2.704	0.010
7.490	-3.853	-2.317	2.715	0.010
7.490	-3.854	-2.333	2.727	0.010
7.500	-3.842	-2.330	2.736	0.010
7.500	-3.834	-2.339	2.740	0.010
7.510	-3.823	-2.346	2.747	0.010
7.510	-3.823	-2.350	2.760	0.011
7.520	-3.823	-2.365	2.771	0.011
7.520	-3.830	-2.371	2.792	0.011
7.530	-3.820	-2.361	2.796	0.011
7.530	-3.821	-2.366	2.820	0.011
7.540	-3.838	-2.366	2.822	0.011
7.540	-3.837	-2.358	2.819	0.011
7.550	-3.834	-2.359	2.818	0.011
7.550	-3.846	-2.366	2.822	0.011
7.560	-3.857	-2.360	2.817	0.011
7.560	-3.857	-2.381	2.813	0.011
7.570	-3.857	-2.380	2.796	0.011
7.570	-3.853	-2.386	2.792	0.011
7.580	-3.856	-2.398	2.800	0.011
7.580	-3.868	-2.419	2.801	0.011
7.590	-3.890	-2.421	2.813	0.011
7.590	-3.896	-2.420	2.809	0.011
7.600	-3.895	-2.421	2.813	0.011
7.600	-3.899	-2.423	2.819	0.011
7.610	-3.913	-2.434	2.813	0.011
7.610	-3.925	-2.434	2.814	0.011
7.620	-3.929	-2.427	2.818	0.011
7.620	-3.922	-2.418	2.807	0.011
7.630	-3.916	-2.408	2.809	0.011
7.630	-3.917	-2.411	2.807	0.011
7.640	-3.926	-2.407	2.821	0.011
7.640	-3.923	-2.410	2.812	0.011
